1.00E+00 4.84E+03
1.10E+00 4.84E+03
1.20E+00 4.84E+03
1.40E+00 4.84E+03
1.60E+00 4.84E+03
1.80E+00 4.84E+03
2.00E+00 4.84E+03
2.20E+00 4.84E+03
2.50E+00 4.84E+03
2.80E+00 4.84E+03
3.20E+00 4.84E+03
3.50E+00 4.84E+03
4.00E+00 4.84E+03
4.50E+00 4.84E+03
5.00E+00 4.84E+03
5.50E+00 4.84E+03
6.30E+00 4.84E+03
7.10E+00 4.84E+03
8.00E+00 4.84E+03
9.00E+00 4.84E+03
1.00E+01 4.84E+03
1.10E+01 4.84E+03
1.20E+01 4.84E+03
1.40E+01 4.84E+03
1.60E+01 4.84E+03
1.80E+01 4.84E+03
2.00E+01 4.84E+03
2.20E+01 4.84E+03
2.50E+01 4.84E+03
2.80E+01 4.84E+03
3.20E+01 4.84E+03
3.50E+01 4.84E+03
4.00E+01 4.84E+03
4.50E+01 4.84E+03
5.00E+01 4.84E+03
5.50E+01 4.84E+03
6.30E+01 4.84E+03
7.10E+01 4.83E+03
8.00E+01 4.83E+03
9.00E+01 4.83E+03
1.00E+02 4.83E+03
1.10E+02 4.83E+03
1.20E+02 4.83E+03
1.40E+02 4.82E+03
1.60E+02 4.82E+03
1.80E+02 4.81E+03
2.00E+02 4.80E+03
2.20E+02 4.79E+03
2.50E+02 4.78E+03
2.80E+02 4.76E+03
3.20E+02 4.73E+03
3.50E+02 4.71E+03
4.00E+02 4.67E+03
4.50E+02 4.63E+03
5.00E+02 4.58E+03
5.50E+02 4.53E+03
6.30E+02 4.45E+03
7.10E+02 4.37E+03
8.00E+02 4.27E+03
9.00E+02 4.16E+03
1.00E+03 4.05E+03
1.10E+03 3.94E+03
1.20E+03 3.84E+03
1.40E+03 3.63E+03
1.60E+03 3.43E+03
1.80E+03 3.24E+03
2.00E+03 3.06E+03
2.20E+03 2.89E+03
2.50E+03 2.66E+03
2.80E+03 2.46E+03
3.20E+03 2.22E+03
3.50E+03 2.06E+03
4.00E+03 1.82E+03
4.50E+03 1.61E+03
5.00E+03 1.44E+03
5.50E+03 1.29E+03
6.30E+03 1.09E+03
7.10E+03 9.31E+02
8.00E+03 7.91E+02
9.00E+03 6.70E+02
1.00E+04 5.75E+02
1.10E+04 5.00E+02
1.20E+04 4.39E+02
1.40E+04 3.46E+02
1.60E+04 2.81E+02
1.80E+04 2.33E+02
2.00E+04 1.97E+02
3.00E+04 9.14E+01
4.00E+04 5.12E+01
5.00E+04 3.13E+01
6.00E+04 1.98E+01
7.00E+04 1.26E+01
8.00E+04 7.79E+00
9.00E+04 4.35E+00
1.00E+05 1.81E+00
