4 4.38E-04
4.4 5.25E-04
4.8 6.18E-04
5.6 8.21E-04
6.4 1.05E-03
7.2 1.29E-03
8 1.55E-03
8.8 1.83E-03
10 2.27E-03
11.2 2.74E-03
12.8 3.40E-03
14 3.91E-03
16 4.82E-03
18 5.75E-03
20 6.72E-03
22 7.71E-03
25.2 9.33E-03
28.4 1.10E-02
32 1.28E-02
36 1.49E-02
40 1.70E-02
44 1.90E-02
48 2.11E-02
56 2.50E-02
64 2.88E-02
72 3.25E-02
80 3.60E-02
88 3.94E-02
100 4.41E-02
112 4.86E-02
128 5.41E-02
140 5.80E-02
160 6.39E-02
180 7.14E-02
200 9.29E-02
220 1.32E-01
252 2.05E-01
284 2.78E-01
320 3.64E-01
360 4.61E-01
400 5.58E-01
440 6.47E-01
480 7.36E-01
560 9.14E-01
640 1.07E+00
720 1.22E+00
800 1.35E+00
880 1.47E+00
1000 1.62E+00
1120 1.74E+00
1280 1.88E+00
1400 1.95E+00
1600 2.04E+00
1800 2.11E+00
2000 2.14E+00
2200 2.15E+00
2520 2.14E+00
2840 2.10E+00
3200 2.05E+00
3600 1.98E+00
4000 1.90E+00
4400 1.84E+00
4800 1.77E+00
5600 1.63E+00
6400 1.50E+00
7200 1.37E+00
8000 1.25E+00
8800 1.13E+00
10000 9.83E-01
11200 8.57E-01
12800 7.24E-01
14000 6.47E-01
16000 5.50E-01
18000 4.64E-01
20000 3.90E-01
22000 3.30E-01
25200 2.54E-01
28400 1.99E-01
32000 1.54E-01
36000 1.18E-01
40000 9.27E-02
44000 7.39E-02
48000 5.99E-02
56000 4.09E-02
64000 2.92E-02
72000 2.16E-02
80000 1.65E-02
120000 5.68E-03
160000 2.64E-03
200000 1.45E-03
240000 8.84E-04
280000 5.82E-04
320000 4.04E-04
360000 2.93E-04
400000 2.20E-04
