1.00E+00 3.03E+01
1.10E+00 3.03E+01
1.20E+00 3.03E+01
1.40E+00 3.03E+01
1.60E+00 3.03E+01
1.80E+00 3.03E+01
2.00E+00 3.03E+01
2.20E+00 3.03E+01
2.50E+00 3.03E+01
2.80E+00 3.03E+01
3.20E+00 3.03E+01
3.50E+00 3.03E+01
4.00E+00 3.03E+01
4.50E+00 3.03E+01
5.00E+00 3.03E+01
5.50E+00 3.03E+01
6.30E+00 3.03E+01
7.10E+00 3.03E+01
8.00E+00 3.03E+01
9.00E+00 3.03E+01
1.00E+01 3.03E+01
1.10E+01 3.03E+01
1.20E+01 3.03E+01
1.40E+01 3.03E+01
1.60E+01 3.03E+01
1.80E+01 3.03E+01
2.00E+01 3.03E+01
2.20E+01 3.03E+01
2.50E+01 3.03E+01
2.80E+01 3.03E+01
3.20E+01 3.03E+01
3.50E+01 3.03E+01
4.00E+01 3.03E+01
4.50E+01 3.03E+01
5.00E+01 3.03E+01
5.50E+01 3.03E+01
6.30E+01 3.03E+01
7.10E+01 3.02E+01
8.00E+01 3.02E+01
9.00E+01 3.02E+01
1.00E+02 3.02E+01
1.10E+02 3.01E+01
1.20E+02 3.01E+01
1.40E+02 3.00E+01
1.60E+02 2.99E+01
1.80E+02 2.98E+01
2.00E+02 2.97E+01
2.20E+02 2.95E+01
2.50E+02 2.93E+01
2.80E+02 2.90E+01
3.20E+02 2.87E+01
3.50E+02 2.84E+01
4.00E+02 2.79E+01
4.50E+02 2.74E+01
5.00E+02 2.69E+01
5.50E+02 2.64E+01
6.30E+02 2.56E+01
7.10E+02 2.48E+01
8.00E+02 2.39E+01
9.00E+02 2.30E+01
1.00E+03 2.21E+01
1.10E+03 2.12E+01
1.20E+03 2.03E+01
1.40E+03 1.88E+01
1.60E+03 1.73E+01
1.80E+03 1.60E+01
2.00E+03 1.49E+01
2.20E+03 1.38E+01
2.50E+03 1.25E+01
2.80E+03 1.13E+01
3.20E+03 9.93E+00
3.50E+03 9.04E+00
4.00E+03 7.77E+00
4.50E+03 6.73E+00
5.00E+03 5.88E+00
5.50E+03 5.18E+00
6.30E+03 4.28E+00
7.10E+03 3.60E+00
8.00E+03 3.01E+00
9.00E+03 2.51E+00
1.00E+04 2.13E+00
1.10E+04 1.83E+00
1.20E+04 1.59E+00
1.40E+04 1.24E+00
1.60E+04 9.92E-01
1.80E+04 8.16E-01
2.00E+04 6.85E-01
3.00E+04 3.08E-01
4.00E+04 1.69E-01
5.00E+04 1.02E-01
6.00E+04 6.43E-02
7.00E+04 4.07E-02
8.00E+04 2.49E-02
9.00E+04 1.38E-02
1.00E+05 5.74E-03
