1.00E+00 4.89E+04
1.10E+00 4.89E+04
1.20E+00 4.89E+04
1.40E+00 4.89E+04
1.60E+00 4.89E+04
1.80E+00 4.89E+04
2.00E+00 4.89E+04
2.20E+00 4.89E+04
2.50E+00 4.89E+04
2.80E+00 4.89E+04
3.20E+00 4.89E+04
3.50E+00 4.89E+04
4.00E+00 4.89E+04
4.50E+00 4.89E+04
5.00E+00 4.89E+04
5.50E+00 4.89E+04
6.30E+00 4.89E+04
7.10E+00 4.89E+04
8.00E+00 4.89E+04
9.00E+00 4.89E+04
1.00E+01 4.89E+04
1.10E+01 4.89E+04
1.20E+01 4.89E+04
1.40E+01 4.89E+04
1.60E+01 4.89E+04
1.80E+01 4.89E+04
2.00E+01 4.89E+04
2.20E+01 4.89E+04
2.50E+01 4.89E+04
2.80E+01 4.89E+04
3.20E+01 4.89E+04
3.50E+01 4.89E+04
4.00E+01 4.89E+04
4.50E+01 4.89E+04
5.00E+01 4.89E+04
5.50E+01 4.89E+04
6.30E+01 4.89E+04
7.10E+01 4.89E+04
8.00E+01 4.88E+04
9.00E+01 4.88E+04
1.00E+02 4.88E+04
1.10E+02 4.88E+04
1.20E+02 4.88E+04
1.40E+02 4.88E+04
1.60E+02 4.88E+04
1.80E+02 4.88E+04
2.00E+02 4.88E+04
2.20E+02 4.87E+04
2.50E+02 4.87E+04
2.80E+02 4.86E+04
3.20E+02 4.85E+04
3.50E+02 4.84E+04
4.00E+02 4.81E+04
4.50E+02 4.79E+04
5.00E+02 4.76E+04
5.50E+02 4.72E+04
6.30E+02 4.66E+04
7.10E+02 4.60E+04
8.00E+02 4.52E+04
9.00E+02 4.43E+04
1.00E+03 4.35E+04
1.10E+03 4.26E+04
1.20E+03 4.17E+04
1.40E+03 3.99E+04
1.60E+03 3.83E+04
1.80E+03 3.67E+04
2.00E+03 3.52E+04
2.20E+03 3.38E+04
2.50E+03 3.18E+04
2.80E+03 3.00E+04
3.20E+03 2.78E+04
3.50E+03 2.62E+04
4.00E+03 2.39E+04
4.50E+03 2.19E+04
5.00E+03 2.01E+04
5.50E+03 1.86E+04
6.30E+03 1.64E+04
7.10E+03 1.46E+04
8.00E+03 1.29E+04
9.00E+03 1.13E+04
1.00E+04 9.94E+03
1.10E+04 8.80E+03
1.20E+04 7.83E+03
1.40E+04 6.30E+03
1.60E+04 5.18E+03
1.80E+04 4.34E+03
2.00E+04 3.69E+03
3.00E+04 1.75E+03
4.00E+04 9.89E+02
5.00E+04 6.07E+02
6.00E+04 3.87E+02
7.00E+04 2.47E+02
8.00E+04 1.53E+02
9.00E+04 8.55E+01
1.00E+05 3.57E+01
