16 9.02E-06
17.6 1.08E-05
19.2 1.28E-05
22.4 1.71E-05
25.6 2.18E-05
28.8 2.70E-05
32 3.26E-05
35.2 3.85E-05
40 4.80E-05
44.8 5.81E-05
51.2 7.24E-05
56 8.37E-05
64 1.03E-04
72 1.24E-04
80 1.45E-04
88 1.67E-04
100.8 2.03E-04
113.6 2.40E-04
128 2.81E-04
144 3.28E-04
160 3.75E-04
176 4.21E-04
192 4.67E-04
224 5.58E-04
256 6.45E-04
288 7.30E-04
320 8.11E-04
352 8.90E-04
400 1.00E-03
448 1.11E-03
512 1.24E-03
560 1.33E-03
640 1.47E-03
720 1.65E-03
800 2.15E-03
880 3.06E-03
1008 4.80E-03
1136 6.52E-03
1280 8.56E-03
1440 1.09E-02
1600 1.32E-02
1760 1.54E-02
1920 1.76E-02
2240 2.19E-02
2560 2.58E-02
2880 2.94E-02
3200 3.28E-02
3520 3.57E-02
4000 3.96E-02
4480 4.28E-02
5120 4.63E-02
5600 4.83E-02
6400 5.08E-02
7200 5.26E-02
8000 5.36E-02
8800 5.41E-02
10080 5.41E-02
11360 5.35E-02
12800 5.24E-02
14400 5.08E-02
16000 4.92E-02
17600 4.76E-02
19200 4.60E-02
22400 4.29E-02
25600 3.96E-02
28800 3.64E-02
32000 3.33E-02
35200 3.04E-02
40000 2.66E-02
44800 2.33E-02
51200 1.99E-02
56000 1.78E-02
64000 1.53E-02
72000 1.30E-02
80000 1.10E-02
88000 9.34E-03
100800 7.24E-03
113600 5.72E-03
128000 4.46E-03
144000 3.45E-03
160000 2.72E-03
176000 2.18E-03
192000 1.78E-03
224000 1.23E-03
256000 8.85E-04
288000 6.60E-04
320000 5.07E-04
480000 1.80E-04
640000 8.50E-05
800000 4.74E-05
960000 2.93E-05
1120000 1.95E-05
1280000 1.37E-05
1440000 1.00E-05
1600000 7.55E-06
