1.00E+00 1.35E-06
1.10E+00 1.61E-06
1.20E+00 1.89E-06
1.40E+00 2.51E-06
1.60E+00 3.18E-06
1.80E+00 3.92E-06
2.00E+00 4.70E-06
2.20E+00 5.52E-06
2.50E+00 6.84E-06
2.80E+00 8.23E-06
3.20E+00 1.02E-05
3.50E+00 1.17E-05
4.00E+00 1.44E-05
4.50E+00 1.71E-05
5.00E+00 1.99E-05
5.50E+00 2.28E-05
6.30E+00 2.74E-05
7.10E+00 3.22E-05
8.00E+00 3.75E-05
9.00E+00 4.34E-05
1.00E+01 4.93E-05
1.10E+01 5.51E-05
1.20E+01 6.07E-05
1.40E+01 7.18E-05
1.60E+01 8.24E-05
1.80E+01 9.26E-05
2.00E+01 1.02E-04
2.20E+01 1.12E-04
2.50E+01 1.25E-04
2.80E+01 1.37E-04
3.20E+01 1.52E-04
3.50E+01 1.62E-04
4.00E+01 1.88E-04
4.50E+01 2.66E-04
5.00E+01 3.94E-04
5.50E+01 5.28E-04
6.30E+01 7.44E-04
7.10E+01 9.75E-04
8.00E+01 1.24E-03
9.00E+01 1.52E-03
1.00E+02 1.80E-03
1.10E+02 2.07E-03
1.20E+02 2.35E-03
1.40E+02 2.84E-03
1.60E+02 3.31E-03
1.80E+02 3.74E-03
2.00E+02 4.11E-03
2.20E+02 4.44E-03
2.50E+02 4.87E-03
2.80E+02 5.23E-03
3.20E+02 5.60E-03
3.50E+02 5.82E-03
4.00E+02 6.09E-03
4.50E+02 6.26E-03
5.00E+02 6.35E-03
5.50E+02 6.39E-03
6.30E+02 6.38E-03
7.10E+02 6.30E-03
8.00E+02 6.17E-03
9.00E+02 6.00E-03
1.00E+03 5.83E-03
1.10E+03 5.65E-03
1.20E+03 5.47E-03
1.40E+03 5.09E-03
1.60E+03 4.69E-03
1.80E+03 4.29E-03
2.00E+03 3.92E-03
2.20E+03 3.58E-03
2.50E+03 3.13E-03
2.80E+03 2.76E-03
3.20E+03 2.37E-03
3.50E+03 2.16E-03
4.00E+03 1.83E-03
4.50E+03 1.54E-03
5.00E+03 1.30E-03
5.50E+03 1.10E-03
6.30E+03 8.57E-04
7.10E+03 6.79E-04
8.00E+03 5.30E-04
9.00E+03 4.11E-04
1.00E+04 3.25E-04
1.10E+04 2.62E-04
1.20E+04 2.15E-04
1.40E+04 1.49E-04
1.60E+04 1.08E-04
1.80E+04 8.13E-05
2.00E+04 6.28E-05
3.00E+04 2.28E-05
4.00E+04 1.10E-05
5.00E+04 6.23E-06
6.00E+04 3.90E-06
7.00E+04 2.62E-06
8.00E+04 1.86E-06
9.00E+04 1.37E-06
1.00E+05 1.04E-06
