1.00E+00 1.98E+02
1.10E+00 1.98E+02
1.20E+00 1.98E+02
1.40E+00 1.98E+02
1.60E+00 1.98E+02
1.80E+00 1.98E+02
2.00E+00 1.98E+02
2.20E+00 1.98E+02
2.50E+00 1.98E+02
2.80E+00 1.98E+02
3.20E+00 1.98E+02
3.50E+00 1.98E+02
4.00E+00 1.98E+02
4.50E+00 1.98E+02
5.00E+00 1.98E+02
5.50E+00 1.98E+02
6.30E+00 1.98E+02
7.10E+00 1.98E+02
8.00E+00 1.98E+02
9.00E+00 1.98E+02
1.00E+01 1.98E+02
1.10E+01 1.98E+02
1.20E+01 1.98E+02
1.40E+01 1.98E+02
1.60E+01 1.98E+02
1.80E+01 1.98E+02
2.00E+01 1.98E+02
2.20E+01 1.98E+02
2.50E+01 1.98E+02
2.80E+01 1.98E+02
3.20E+01 1.98E+02
3.50E+01 1.98E+02
4.00E+01 1.98E+02
4.50E+01 1.98E+02
5.00E+01 1.98E+02
5.50E+01 1.98E+02
6.30E+01 1.98E+02
7.10E+01 1.98E+02
8.00E+01 1.98E+02
9.00E+01 1.98E+02
1.00E+02 1.98E+02
1.10E+02 1.97E+02
1.20E+02 1.97E+02
1.40E+02 1.97E+02
1.60E+02 1.96E+02
1.80E+02 1.96E+02
2.00E+02 1.95E+02
2.20E+02 1.94E+02
2.50E+02 1.93E+02
2.80E+02 1.92E+02
3.20E+02 1.90E+02
3.50E+02 1.88E+02
4.00E+02 1.85E+02
4.50E+02 1.82E+02
5.00E+02 1.79E+02
5.50E+02 1.77E+02
6.30E+02 1.72E+02
7.10E+02 1.67E+02
8.00E+02 1.62E+02
9.00E+02 1.56E+02
1.00E+03 1.51E+02
1.10E+03 1.46E+02
1.20E+03 1.40E+02
1.40E+03 1.31E+02
1.60E+03 1.22E+02
1.80E+03 1.14E+02
2.00E+03 1.07E+02
2.20E+03 9.98E+01
2.50E+03 9.08E+01
2.80E+03 8.30E+01
3.20E+03 7.40E+01
3.50E+03 6.82E+01
4.00E+03 5.96E+01
4.50E+03 5.24E+01
5.00E+03 4.63E+01
5.50E+03 4.12E+01
6.30E+03 3.45E+01
7.10E+03 2.93E+01
8.00E+03 2.47E+01
9.00E+03 2.08E+01
1.00E+04 1.78E+01
1.10E+04 1.54E+01
1.20E+04 1.35E+01
1.40E+04 1.06E+01
1.60E+04 8.53E+00
1.80E+04 7.06E+00
2.00E+04 5.95E+00
3.00E+04 2.74E+00
4.00E+04 1.53E+00
5.00E+04 9.32E-01
6.00E+04 5.91E-01
7.00E+04 3.77E-01
8.00E+04 2.32E-01
9.00E+04 1.29E-01
1.00E+05 5.40E-02
 
