12 9.92E-06
13.2 1.19E-05
14.4 1.41E-05
16.8 1.88E-05
19.2 2.41E-05
21.6 2.98E-05
24 3.60E-05
26.4 4.25E-05
30 5.30E-05
33.6 6.42E-05
38.4 8.01E-05
42 9.26E-05
48 1.14E-04
54 1.37E-04
60 1.61E-04
66 1.85E-04
75.6 2.25E-04
85.2 2.66E-04
96 3.13E-04
108 3.65E-04
120 4.17E-04
132 4.69E-04
144 5.20E-04
168 6.21E-04
192 7.19E-04
216 8.14E-04
240 9.05E-04
264 9.93E-04
300 1.12E-03
336 1.24E-03
384 1.38E-03
420 1.48E-03
480 1.64E-03
540 1.84E-03
600 2.41E-03
660 3.43E-03
756 5.37E-03
852 7.29E-03
960 9.58E-03
1080 1.22E-02
1200 1.48E-02
1320 1.72E-02
1440 1.96E-02
1680 2.45E-02
1920 2.88E-02
2160 3.28E-02
2400 3.66E-02
2640 3.98E-02
3000 4.41E-02
3360 4.76E-02
3840 5.14E-02
4200 5.36E-02
4800 5.63E-02
5400 5.81E-02
6000 5.91E-02
6600 5.96E-02
7560 5.94E-02
8520 5.86E-02
9600 5.72E-02
10800 5.53E-02
12000 5.34E-02
13200 5.15E-02
14400 4.97E-02
16800 4.60E-02
19200 4.23E-02
21600 3.87E-02
24000 3.53E-02
26400 3.21E-02
30000 2.79E-02
33600 2.44E-02
38400 2.06E-02
42000 1.84E-02
48000 1.57E-02
54000 1.32E-02
60000 1.12E-02
66000 9.44E-03
75600 7.27E-03
85200 5.70E-03
96000 4.42E-03
108000 3.40E-03
120000 2.67E-03
132000 2.13E-03
144000 1.73E-03
168000 1.18E-03
192000 8.44E-04
216000 6.26E-04
240000 4.77E-04
360000 1.65E-04
480000 7.69E-05
600000 4.23E-05
720000 2.59E-05
840000 1.71E-05
960000 1.19E-05
1080000 8.62E-06
1200000 6.47E-06
