1.00E+00 3.12E+04
1.10E+00 3.12E+04
1.20E+00 3.12E+04
1.40E+00 3.12E+04
1.60E+00 3.12E+04
1.80E+00 3.12E+04
2.00E+00 3.12E+04
2.20E+00 3.12E+04
2.50E+00 3.12E+04
2.80E+00 3.12E+04
3.20E+00 3.12E+04
3.50E+00 3.12E+04
4.00E+00 3.12E+04
4.50E+00 3.12E+04
5.00E+00 3.12E+04
5.50E+00 3.12E+04
6.30E+00 3.12E+04
7.10E+00 3.12E+04
8.00E+00 3.12E+04
9.00E+00 3.12E+04
1.00E+01 3.12E+04
1.10E+01 3.12E+04
1.20E+01 3.12E+04
1.40E+01 3.12E+04
1.60E+01 3.12E+04
1.80E+01 3.12E+04
2.00E+01 3.12E+04
2.20E+01 3.12E+04
2.50E+01 3.12E+04
2.80E+01 3.12E+04
3.20E+01 3.12E+04
3.50E+01 3.12E+04
4.00E+01 3.12E+04
4.50E+01 3.12E+04
5.00E+01 3.12E+04
5.50E+01 3.12E+04
6.30E+01 3.12E+04
7.10E+01 3.12E+04
8.00E+01 3.12E+04
9.00E+01 3.12E+04
1.00E+02 3.12E+04
1.10E+02 3.12E+04
1.20E+02 3.12E+04
1.40E+02 3.12E+04
1.60E+02 3.12E+04
1.80E+02 3.12E+04
2.00E+02 3.12E+04
2.20E+02 3.12E+04
2.50E+02 3.12E+04
2.80E+02 3.12E+04
3.20E+02 3.11E+04
3.50E+02 3.11E+04
4.00E+02 3.10E+04
4.50E+02 3.10E+04
5.00E+02 3.09E+04
5.50E+02 3.08E+04
6.30E+02 3.06E+04
7.10E+02 3.04E+04
8.00E+02 3.01E+04
9.00E+02 2.98E+04
1.00E+03 2.95E+04
1.10E+03 2.92E+04
1.20E+03 2.88E+04
1.40E+03 2.81E+04
1.60E+03 2.73E+04
1.80E+03 2.65E+04
2.00E+03 2.58E+04
2.20E+03 2.51E+04
2.50E+03 2.40E+04
2.80E+03 2.29E+04
3.20E+03 2.16E+04
3.50E+03 2.07E+04
4.00E+03 1.92E+04
4.50E+03 1.78E+04
5.00E+03 1.66E+04
5.50E+03 1.55E+04
6.30E+03 1.39E+04
7.10E+03 1.25E+04
8.00E+03 1.12E+04
9.00E+03 9.89E+03
1.00E+04 8.79E+03
1.10E+04 7.84E+03
1.20E+04 7.03E+03
1.40E+04 5.73E+03
1.60E+04 4.75E+03
1.80E+04 4.01E+03
2.00E+04 3.42E+03
3.00E+04 1.66E+03
4.00E+04 9.50E+02
5.00E+04 5.87E+02
6.00E+04 3.76E+02
7.00E+04 2.41E+02
8.00E+04 1.49E+02
9.00E+04 8.36E+01
1.00E+05 3.50E+01
