1.00E+00 1.90E+02
1.10E+00 1.90E+02
1.20E+00 1.90E+02
1.40E+00 1.90E+02
1.60E+00 1.90E+02
1.80E+00 1.90E+02
2.00E+00 1.90E+02
2.20E+00 1.90E+02
2.50E+00 1.90E+02
2.80E+00 1.90E+02
3.20E+00 1.90E+02
3.50E+00 1.90E+02
4.00E+00 1.90E+02
4.50E+00 1.90E+02
5.00E+00 1.90E+02
5.50E+00 1.90E+02
6.30E+00 1.90E+02
7.10E+00 1.90E+02
8.00E+00 1.90E+02
9.00E+00 1.90E+02
1.00E+01 1.90E+02
1.10E+01 1.90E+02
1.20E+01 1.90E+02
1.40E+01 1.90E+02
1.60E+01 1.90E+02
1.80E+01 1.90E+02
2.00E+01 1.90E+02
2.20E+01 1.90E+02
2.50E+01 1.89E+02
2.80E+01 1.89E+02
3.20E+01 1.89E+02
3.50E+01 1.89E+02
4.00E+01 1.89E+02
4.50E+01 1.89E+02
5.00E+01 1.89E+02
5.50E+01 1.89E+02
6.30E+01 1.89E+02
7.10E+01 1.89E+02
8.00E+01 1.89E+02
9.00E+01 1.89E+02
1.00E+02 1.89E+02
1.10E+02 1.89E+02
1.20E+02 1.89E+02
1.40E+02 1.88E+02
1.60E+02 1.88E+02
1.80E+02 1.87E+02
2.00E+02 1.87E+02
2.20E+02 1.86E+02
2.50E+02 1.85E+02
2.80E+02 1.84E+02
3.20E+02 1.82E+02
3.50E+02 1.80E+02
4.00E+02 1.78E+02
4.50E+02 1.75E+02
5.00E+02 1.73E+02
5.50E+02 1.70E+02
6.30E+02 1.66E+02
7.10E+02 1.61E+02
8.00E+02 1.57E+02
9.00E+02 1.52E+02
1.00E+03 1.47E+02
1.10E+03 1.42E+02
1.20E+03 1.37E+02
1.40E+03 1.28E+02
1.60E+03 1.20E+02
1.80E+03 1.12E+02
2.00E+03 1.05E+02
2.20E+03 9.89E+01
2.50E+03 9.04E+01
2.80E+03 8.29E+01
3.20E+03 7.42E+01
3.50E+03 6.86E+01
4.00E+03 6.03E+01
4.50E+03 5.33E+01
5.00E+03 4.73E+01
5.50E+03 4.22E+01
6.30E+03 3.56E+01
7.10E+03 3.04E+01
8.00E+03 2.58E+01
9.00E+03 2.18E+01
1.00E+04 1.87E+01
1.10E+04 1.63E+01
1.20E+04 1.43E+01
1.40E+04 1.13E+01
1.60E+04 9.19E+00
1.80E+04 7.65E+00
2.00E+04 6.48E+00
3.00E+04 3.05E+00
4.00E+04 1.72E+00
5.00E+04 1.06E+00
6.00E+04 6.79E-01
7.00E+04 4.35E-01
8.00E+04 2.69E-01
9.00E+04 1.51E-01
1.00E+05 6.33E-02
