56 1.35E-06
61.6 1.61E-06
67.2 1.89E-06
78.4 2.51E-06
89.6 3.18E-06
100.8 3.92E-06
112 4.70E-06
123.2 5.52E-06
140 6.84E-06
156.8 8.23E-06
179.2 1.02E-05
196 1.17E-05
224 1.44E-05
252 1.71E-05
280 1.99E-05
308 2.28E-05
352.8 2.74E-05
397.6 3.22E-05
448 3.75E-05
504 4.34E-05
560 4.93E-05
616 5.51E-05
672 6.07E-05
784 7.18E-05
896 8.24E-05
1008 9.26E-05
1120 1.02E-04
1232 1.12E-04
1400 1.25E-04
1568 1.37E-04
1792 1.52E-04
1960 1.62E-04
2240 1.88E-04
2520 2.66E-04
2800 3.94E-04
3080 5.28E-04
3528 7.44E-04
3976 9.75E-04
4480 1.24E-03
5040 1.52E-03
5600 1.80E-03
6160 2.07E-03
6720 2.35E-03
7840 2.84E-03
8960 3.31E-03
10080 3.74E-03
11200 4.11E-03
12320 4.44E-03
14000 4.87E-03
15680 5.23E-03
17920 5.60E-03
19600 5.82E-03
22400 6.09E-03
25200 6.26E-03
28000 6.35E-03
30800 6.39E-03
35280 6.38E-03
39760 6.30E-03
44800 6.17E-03
50400 6.00E-03
56000 5.83E-03
61600 5.65E-03
67200 5.47E-03
78400 5.09E-03
89600 4.69E-03
100800 4.29E-03
112000 3.92E-03
123200 3.58E-03
140000 3.13E-03
156800 2.76E-03
179200 2.37E-03
196000 2.16E-03
224000 1.83E-03
252000 1.54E-03
280000 1.30E-03
308000 1.10E-03
352800 8.57E-04
397600 6.79E-04
448000 5.30E-04
504000 4.11E-04
560000 3.25E-04
616000 2.62E-04
672000 2.15E-04
784000 1.49E-04
896000 1.08E-04
1008000 8.13E-05
1120000 6.28E-05
1680000 2.28E-05
2240000 1.10E-05
2800000 6.23E-06
3360000 3.90E-06
3920000 2.62E-06
4480000 1.86E-06
5040000 1.37E-06
5600000 1.04E-06
