1.00E+00 1.54E-06
1.10E+00 1.86E-06
1.20E+00 2.20E-06
1.40E+00 2.94E-06
1.60E+00 3.77E-06
1.80E+00 4.68E-06
2.00E+00 5.66E-06
2.20E+00 6.69E-06
2.50E+00 8.35E-06
2.80E+00 1.01E-05
3.20E+00 1.26E-05
3.50E+00 1.46E-05
4.00E+00 1.81E-05
4.50E+00 2.17E-05
5.00E+00 2.54E-05
5.50E+00 2.92E-05
6.30E+00 3.55E-05
7.10E+00 4.19E-05
8.00E+00 4.91E-05
9.00E+00 5.72E-05
1.00E+01 6.53E-05
1.10E+01 7.34E-05
1.20E+01 8.14E-05
1.40E+01 9.70E-05
1.60E+01 1.12E-04
1.80E+01 1.27E-04
2.00E+01 1.41E-04
2.20E+01 1.54E-04
2.50E+01 1.73E-04
2.80E+01 1.92E-04
3.20E+01 2.14E-04
3.50E+01 2.43E-04
4.00E+01 3.70E-04
4.50E+01 5.72E-04
5.00E+01 7.84E-04
5.50E+01 9.97E-04
6.30E+01 1.37E-03
7.10E+01 1.75E-03
8.00E+01 2.17E-03
9.00E+01 2.63E-03
1.00E+02 3.10E-03
1.10E+02 3.56E-03
1.20E+02 3.99E-03
1.40E+02 4.81E-03
1.60E+02 5.57E-03
1.80E+02 6.25E-03
2.00E+02 6.84E-03
2.20E+02 7.37E-03
2.50E+02 8.05E-03
2.80E+02 8.60E-03
3.20E+02 9.16E-03
3.50E+02 9.50E-03
4.00E+02 9.87E-03
4.50E+02 1.01E-02
5.00E+02 1.02E-02
5.50E+02 1.02E-02
6.30E+02 1.01E-02
7.10E+02 9.89E-03
8.00E+02 9.62E-03
9.00E+02 9.31E-03
1.00E+03 8.97E-03
1.10E+03 8.63E-03
1.20E+03 8.27E-03
1.40E+03 7.53E-03
1.60E+03 6.79E-03
1.80E+03 6.09E-03
2.00E+03 5.47E-03
2.20E+03 4.92E-03
2.50E+03 4.22E-03
2.80E+03 3.67E-03
3.20E+03 3.13E-03
3.50E+03 2.79E-03
4.00E+03 2.28E-03
4.50E+03 1.87E-03
5.00E+03 1.54E-03
5.50E+03 1.28E-03
6.30E+03 9.65E-04
7.10E+03 7.44E-04
8.00E+03 5.67E-04
9.00E+03 4.30E-04
1.00E+04 3.33E-04
1.10E+04 2.64E-04
1.20E+04 2.12E-04
1.40E+04 1.43E-04
1.60E+04 1.01E-04
1.80E+04 7.45E-05
2.00E+04 5.64E-05
3.00E+04 1.90E-05
4.00E+04 8.70E-06
5.00E+04 4.72E-06
6.00E+04 2.85E-06
7.00E+04 1.86E-06
8.00E+04 1.29E-06
9.00E+04 9.28E-07
1.00E+05 6.92E-07
