1.00E+00 7.01E+03
1.10E+00 7.01E+03
1.20E+00 7.01E+03
1.40E+00 7.01E+03
1.60E+00 7.01E+03
1.80E+00 7.01E+03
2.00E+00 7.01E+03
2.20E+00 7.01E+03
2.50E+00 7.01E+03
2.80E+00 7.01E+03
3.20E+00 7.01E+03
3.50E+00 7.01E+03
4.00E+00 7.01E+03
4.50E+00 7.01E+03
5.00E+00 7.01E+03
5.50E+00 7.01E+03
6.30E+00 7.01E+03
7.10E+00 7.01E+03
8.00E+00 7.01E+03
9.00E+00 7.01E+03
1.00E+01 7.01E+03
1.10E+01 7.01E+03
1.20E+01 7.01E+03
1.40E+01 7.01E+03
1.60E+01 7.01E+03
1.80E+01 7.01E+03
2.00E+01 7.01E+03
2.20E+01 7.01E+03
2.50E+01 7.01E+03
2.80E+01 7.01E+03
3.20E+01 7.01E+03
3.50E+01 7.01E+03
4.00E+01 7.01E+03
4.50E+01 7.01E+03
5.00E+01 7.01E+03
5.50E+01 7.00E+03
6.30E+01 7.00E+03
7.10E+01 7.00E+03
8.00E+01 7.00E+03
9.00E+01 6.99E+03
1.00E+02 6.99E+03
1.10E+02 6.98E+03
1.20E+02 6.98E+03
1.40E+02 6.96E+03
1.60E+02 6.94E+03
1.80E+02 6.92E+03
2.00E+02 6.89E+03
2.20E+02 6.86E+03
2.50E+02 6.82E+03
2.80E+02 6.77E+03
3.20E+02 6.69E+03
3.50E+02 6.64E+03
4.00E+02 6.54E+03
4.50E+02 6.43E+03
5.00E+02 6.33E+03
5.50E+02 6.22E+03
6.30E+02 6.05E+03
7.10E+02 5.88E+03
8.00E+02 5.69E+03
9.00E+02 5.49E+03
1.00E+03 5.30E+03
1.10E+03 5.11E+03
1.20E+03 4.93E+03
1.40E+03 4.59E+03
1.60E+03 4.28E+03
1.80E+03 3.99E+03
2.00E+03 3.73E+03
2.20E+03 3.49E+03
2.50E+03 3.17E+03
2.80E+03 2.90E+03
3.20E+03 2.58E+03
3.50E+03 2.38E+03
4.00E+03 2.08E+03
4.50E+03 1.82E+03
5.00E+03 1.61E+03
5.50E+03 1.43E+03
6.30E+03 1.20E+03
7.10E+03 1.01E+03
8.00E+03 8.56E+02
9.00E+03 7.20E+02
1.00E+04 6.14E+02
1.10E+04 5.31E+02
1.20E+04 4.64E+02
1.40E+04 3.64E+02
1.60E+04 2.94E+02
1.80E+04 2.43E+02
2.00E+04 2.05E+02
3.00E+04 9.38E+01
4.00E+04 5.22E+01
5.00E+04 3.18E+01
6.00E+04 2.01E+01
7.00E+04 1.28E+01
8.00E+04 7.89E+00
9.00E+04 4.40E+00
1.00E+05 1.83E+00
