1.00E+00 9.92E-06
1.10E+00 1.19E-05
1.20E+00 1.41E-05
1.40E+00 1.88E-05
1.60E+00 2.41E-05
1.80E+00 2.98E-05
2.00E+00 3.60E-05
2.20E+00 4.25E-05
2.50E+00 5.30E-05
2.80E+00 6.42E-05
3.20E+00 8.01E-05
3.50E+00 9.26E-05
4.00E+00 1.14E-04
4.50E+00 1.37E-04
5.00E+00 1.61E-04
5.50E+00 1.85E-04
6.30E+00 2.25E-04
7.10E+00 2.66E-04
8.00E+00 3.13E-04
9.00E+00 3.65E-04
1.00E+01 4.17E-04
1.10E+01 4.69E-04
1.20E+01 5.20E-04
1.40E+01 6.21E-04
1.60E+01 7.19E-04
1.80E+01 8.14E-04
2.00E+01 9.05E-04
2.20E+01 9.93E-04
2.50E+01 1.12E-03
2.80E+01 1.24E-03
3.20E+01 1.38E-03
3.50E+01 1.48E-03
4.00E+01 1.64E-03
4.50E+01 1.84E-03
5.00E+01 2.41E-03
5.50E+01 3.43E-03
6.30E+01 5.37E-03
7.10E+01 7.29E-03
8.00E+01 9.58E-03
9.00E+01 1.22E-02
1.00E+02 1.48E-02
1.10E+02 1.72E-02
1.20E+02 1.96E-02
1.40E+02 2.45E-02
1.60E+02 2.88E-02
1.80E+02 3.28E-02
2.00E+02 3.66E-02
2.20E+02 3.98E-02
2.50E+02 4.41E-02
2.80E+02 4.76E-02
3.20E+02 5.14E-02
3.50E+02 5.36E-02
4.00E+02 5.63E-02
4.50E+02 5.81E-02
5.00E+02 5.91E-02
5.50E+02 5.96E-02
6.30E+02 5.94E-02
7.10E+02 5.86E-02
8.00E+02 5.72E-02
9.00E+02 5.53E-02
1.00E+03 5.34E-02
1.10E+03 5.15E-02
1.20E+03 4.97E-02
1.40E+03 4.60E-02
1.60E+03 4.23E-02
1.80E+03 3.87E-02
2.00E+03 3.53E-02
2.20E+03 3.21E-02
2.50E+03 2.79E-02
2.80E+03 2.44E-02
3.20E+03 2.06E-02
3.50E+03 1.84E-02
4.00E+03 1.57E-02
4.50E+03 1.32E-02
5.00E+03 1.12E-02
5.50E+03 9.44E-03
6.30E+03 7.27E-03
7.10E+03 5.70E-03
8.00E+03 4.42E-03
9.00E+03 3.40E-03
1.00E+04 2.67E-03
1.10E+04 2.13E-03
1.20E+04 1.73E-03
1.40E+04 1.18E-03
1.60E+04 8.44E-04
1.80E+04 6.26E-04
2.00E+04 4.77E-04
3.00E+04 1.65E-04
4.00E+04 7.69E-05
5.00E+04 4.23E-05
6.00E+04 2.59E-05
7.00E+04 1.71E-05
8.00E+04 1.19E-05
9.00E+04 8.62E-06
1.00E+05 6.47E-06
