1.00E+00 5.91E-04
1.10E+00 7.16E-04
1.20E+00 8.52E-04
1.40E+00 1.16E-03
1.60E+00 1.50E-03
1.80E+00 1.88E-03
2.00E+00 2.31E-03
2.20E+00 2.76E-03
2.50E+00 3.51E-03
2.80E+00 4.34E-03
3.20E+00 5.54E-03
3.50E+00 6.51E-03
4.00E+00 8.26E-03
4.50E+00 1.02E-02
5.00E+00 1.22E-02
5.50E+00 1.43E-02
6.30E+00 1.80E-02
7.10E+00 2.19E-02
8.00E+00 2.65E-02
9.00E+00 3.19E-02
1.00E+01 3.75E-02
1.10E+01 4.33E-02
1.20E+01 4.92E-02
1.40E+01 6.14E-02
1.60E+01 7.40E-02
1.80E+01 8.67E-02
2.00E+01 9.95E-02
2.20E+01 1.12E-01
2.50E+01 1.32E-01
2.80E+01 1.51E-01
3.20E+01 1.75E-01
3.50E+01 1.94E-01
4.00E+01 2.23E-01
4.50E+01 2.51E-01
5.00E+01 2.78E-01
5.50E+01 3.04E-01
6.30E+01 3.42E-01
7.10E+01 3.78E-01
8.00E+01 4.15E-01
9.00E+01 4.53E-01
1.00E+02 4.87E-01
1.10E+02 5.19E-01
1.20E+02 5.48E-01
1.40E+02 5.98E-01
1.60E+02 6.41E-01
1.80E+02 7.72E-01
2.00E+02 1.11E+00
2.20E+02 1.55E+00
2.50E+02 2.19E+00
2.80E+02 2.79E+00
3.20E+02 3.63E+00
3.50E+02 4.22E+00
4.00E+02 5.06E+00
4.50E+02 5.83E+00
5.00E+02 6.49E+00
5.50E+02 7.04E+00
6.30E+02 7.76E+00
7.10E+02 8.27E+00
8.00E+02 8.65E+00
9.00E+02 8.87E+00
1.00E+03 8.96E+00
1.10E+03 8.95E+00
1.20E+03 8.86E+00
1.40E+03 8.57E+00
1.60E+03 8.16E+00
1.80E+03 7.72E+00
2.00E+03 7.28E+00
2.20E+03 6.87E+00
2.50E+03 6.29E+00
2.80E+03 5.81E+00
3.20E+03 5.25E+00
3.50E+03 4.88E+00
4.00E+03 4.31E+00
4.50E+03 3.79E+00
5.00E+03 3.34E+00
5.50E+03 2.95E+00
6.30E+03 2.44E+00
7.10E+03 2.05E+00
8.00E+03 1.73E+00
9.00E+03 1.47E+00
1.00E+04 1.24E+00
1.10E+04 1.05E+00
1.20E+04 8.84E-01
1.40E+04 6.41E-01
1.60E+04 4.79E-01
1.80E+04 3.65E-01
2.00E+04 2.84E-01
3.00E+04 1.03E-01
4.00E+04 4.91E-02
5.00E+04 2.73E-02
6.00E+04 1.68E-02
7.00E+04 1.11E-02
8.00E+04 7.79E-03
9.00E+04 5.67E-03
1.00E+05 4.27E-03
