1.00E+00 4.38E-04
1.10E+00 5.25E-04
1.20E+00 6.18E-04
1.40E+00 8.21E-04
1.60E+00 1.05E-03
1.80E+00 1.29E-03
2.00E+00 1.55E-03
2.20E+00 1.83E-03
2.50E+00 2.27E-03
2.80E+00 2.74E-03
3.20E+00 3.40E-03
3.50E+00 3.91E-03
4.00E+00 4.82E-03
4.50E+00 5.75E-03
5.00E+00 6.72E-03
5.50E+00 7.71E-03
6.30E+00 9.33E-03
7.10E+00 1.10E-02
8.00E+00 1.28E-02
9.00E+00 1.49E-02
1.00E+01 1.70E-02
1.10E+01 1.90E-02
1.20E+01 2.11E-02
1.40E+01 2.50E-02
1.60E+01 2.88E-02
1.80E+01 3.25E-02
2.00E+01 3.60E-02
2.20E+01 3.94E-02
2.50E+01 4.41E-02
2.80E+01 4.86E-02
3.20E+01 5.41E-02
3.50E+01 5.80E-02
4.00E+01 6.39E-02
4.50E+01 7.14E-02
5.00E+01 9.29E-02
5.50E+01 1.32E-01
6.30E+01 2.05E-01
7.10E+01 2.78E-01
8.00E+01 3.64E-01
9.00E+01 4.61E-01
1.00E+02 5.58E-01
1.10E+02 6.47E-01
1.20E+02 7.36E-01
1.40E+02 9.14E-01
1.60E+02 1.07E+00
1.80E+02 1.22E+00
2.00E+02 1.35E+00
2.20E+02 1.47E+00
2.50E+02 1.62E+00
2.80E+02 1.74E+00
3.20E+02 1.88E+00
3.50E+02 1.95E+00
4.00E+02 2.04E+00
4.50E+02 2.11E+00
5.00E+02 2.14E+00
5.50E+02 2.15E+00
6.30E+02 2.14E+00
7.10E+02 2.10E+00
8.00E+02 2.05E+00
9.00E+02 1.98E+00
1.00E+03 1.90E+00
1.10E+03 1.84E+00
1.20E+03 1.77E+00
1.40E+03 1.63E+00
1.60E+03 1.50E+00
1.80E+03 1.37E+00
2.00E+03 1.25E+00
2.20E+03 1.13E+00
2.50E+03 9.83E-01
2.80E+03 8.57E-01
3.20E+03 7.24E-01
3.50E+03 6.47E-01
4.00E+03 5.50E-01
4.50E+03 4.64E-01
5.00E+03 3.90E-01
5.50E+03 3.30E-01
6.30E+03 2.54E-01
7.10E+03 1.99E-01
8.00E+03 1.54E-01
9.00E+03 1.18E-01
1.00E+04 9.27E-02
1.10E+04 7.39E-02
1.20E+04 5.99E-02
1.40E+04 4.09E-02
1.60E+04 2.92E-02
1.80E+04 2.16E-02
2.00E+04 1.65E-02
3.00E+04 5.68E-03
4.00E+04 2.64E-03
5.00E+04 1.45E-03
6.00E+04 8.84E-04
7.00E+04 5.82E-04
8.00E+04 4.04E-04
9.00E+04 2.93E-04
1.00E+05 2.20E-04
