1.00E+00 9.02E-06
1.10E+00 1.08E-05
1.20E+00 1.28E-05
1.40E+00 1.71E-05
1.60E+00 2.18E-05
1.80E+00 2.70E-05
2.00E+00 3.26E-05
2.20E+00 3.85E-05
2.50E+00 4.80E-05
2.80E+00 5.81E-05
3.20E+00 7.24E-05
3.50E+00 8.37E-05
4.00E+00 1.03E-04
4.50E+00 1.24E-04
5.00E+00 1.45E-04
5.50E+00 1.67E-04
6.30E+00 2.03E-04
7.10E+00 2.40E-04
8.00E+00 2.81E-04
9.00E+00 3.28E-04
1.00E+01 3.75E-04
1.10E+01 4.21E-04
1.20E+01 4.67E-04
1.40E+01 5.58E-04
1.60E+01 6.45E-04
1.80E+01 7.30E-04
2.00E+01 8.11E-04
2.20E+01 8.90E-04
2.50E+01 1.00E-03
2.80E+01 1.11E-03
3.20E+01 1.24E-03
3.50E+01 1.33E-03
4.00E+01 1.47E-03
4.50E+01 1.65E-03
5.00E+01 2.15E-03
5.50E+01 3.06E-03
6.30E+01 4.80E-03
7.10E+01 6.52E-03
8.00E+01 8.56E-03
9.00E+01 1.09E-02
1.00E+02 1.32E-02
1.10E+02 1.54E-02
1.20E+02 1.76E-02
1.40E+02 2.19E-02
1.60E+02 2.58E-02
1.80E+02 2.94E-02
2.00E+02 3.28E-02
2.20E+02 3.57E-02
2.50E+02 3.96E-02
2.80E+02 4.28E-02
3.20E+02 4.63E-02
3.50E+02 4.83E-02
4.00E+02 5.08E-02
4.50E+02 5.26E-02
5.00E+02 5.36E-02
5.50E+02 5.41E-02
6.30E+02 5.41E-02
7.10E+02 5.35E-02
8.00E+02 5.24E-02
9.00E+02 5.08E-02
1.00E+03 4.92E-02
1.10E+03 4.76E-02
1.20E+03 4.60E-02
1.40E+03 4.29E-02
1.60E+03 3.96E-02
1.80E+03 3.64E-02
2.00E+03 3.33E-02
2.20E+03 3.04E-02
2.50E+03 2.66E-02
2.80E+03 2.33E-02
3.20E+03 1.99E-02
3.50E+03 1.78E-02
4.00E+03 1.53E-02
4.50E+03 1.30E-02
5.00E+03 1.10E-02
5.50E+03 9.34E-03
6.30E+03 7.24E-03
7.10E+03 5.72E-03
8.00E+03 4.46E-03
9.00E+03 3.45E-03
1.00E+04 2.72E-03
1.10E+04 2.18E-03
1.20E+04 1.78E-03
1.40E+04 1.23E-03
1.60E+04 8.85E-04
1.80E+04 6.60E-04
2.00E+04 5.07E-04
3.00E+04 1.80E-04
4.00E+04 8.50E-05
5.00E+04 4.74E-05
6.00E+04 2.93E-05
7.00E+04 1.95E-05
8.00E+04 1.37E-05
9.00E+04 1.00E-05
1.00E+05 7.55E-06
