1.00E+00 2.26E+01
1.10E+00 2.26E+01
1.20E+00 2.26E+01
1.40E+00 2.26E+01
1.60E+00 2.26E+01
1.80E+00 2.26E+01
2.00E+00 2.26E+01
2.20E+00 2.26E+01
2.50E+00 2.26E+01
2.80E+00 2.26E+01
3.20E+00 2.26E+01
3.50E+00 2.26E+01
4.00E+00 2.26E+01
4.50E+00 2.26E+01
5.00E+00 2.26E+01
5.50E+00 2.26E+01
6.30E+00 2.26E+01
7.10E+00 2.26E+01
8.00E+00 2.26E+01
9.00E+00 2.26E+01
1.00E+01 2.26E+01
1.10E+01 2.26E+01
1.20E+01 2.26E+01
1.40E+01 2.26E+01
1.60E+01 2.26E+01
1.80E+01 2.26E+01
2.00E+01 2.26E+01
2.20E+01 2.26E+01
2.50E+01 2.26E+01
2.80E+01 2.26E+01
3.20E+01 2.26E+01
3.50E+01 2.26E+01
4.00E+01 2.26E+01
4.50E+01 2.26E+01
5.00E+01 2.26E+01
5.50E+01 2.26E+01
6.30E+01 2.26E+01
7.10E+01 2.26E+01
8.00E+01 2.26E+01
9.00E+01 2.26E+01
1.00E+02 2.26E+01
1.10E+02 2.25E+01
1.20E+02 2.25E+01
1.40E+02 2.25E+01
1.60E+02 2.24E+01
1.80E+02 2.23E+01
2.00E+02 2.23E+01
2.20E+02 2.22E+01
2.50E+02 2.20E+01
2.80E+02 2.19E+01
3.20E+02 2.17E+01
3.50E+02 2.15E+01
4.00E+02 2.12E+01
4.50E+02 2.09E+01
5.00E+02 2.06E+01
5.50E+02 2.03E+01
6.30E+02 1.97E+01
7.10E+02 1.92E+01
8.00E+02 1.87E+01
9.00E+02 1.81E+01
1.00E+03 1.75E+01
1.10E+03 1.69E+01
1.20E+03 1.64E+01
1.40E+03 1.53E+01
1.60E+03 1.43E+01
1.80E+03 1.34E+01
2.00E+03 1.26E+01
2.20E+03 1.18E+01
2.50E+03 1.08E+01
2.80E+03 9.96E+00
3.20E+03 8.93E+00
3.50E+03 8.25E+00
4.00E+03 7.25E+00
4.50E+03 6.41E+00
5.00E+03 5.70E+00
5.50E+03 5.10E+00
6.30E+03 4.31E+00
7.10E+03 3.70E+00
8.00E+03 3.15E+00
9.00E+03 2.68E+00
1.00E+04 2.31E+00
1.10E+04 2.02E+00
1.20E+04 1.78E+00
1.40E+04 1.42E+00
1.60E+04 1.16E+00
1.80E+04 9.71E-01
2.00E+04 8.27E-01
3.00E+04 3.98E-01
4.00E+04 2.29E-01
5.00E+04 1.43E-01
6.00E+04 9.20E-02
7.00E+04 5.94E-02
8.00E+04 3.70E-02
9.00E+04 2.08E-02
1.00E+05 8.78E-03
