1.0000E-01 762422
1.5000E-01 636768
2.0000E-01 538042
3.0000E-01 410098
4.0000E-01 322013
5.0000E-01 270605
6.0000E-01 231840
7.0000E-01 204466
1.0000E+00 151099
1.5000E+00 110465
2.0000E+00 86004
3.0000E+00 63185.8
4.0000E+00 49582.1
5.0000E+00 42395
6.0000E+00 37277.3
7.0000E+00 34266.2
1.0000E+01 28851.8
1.5000E+01 25225.9
2.0000E+01 23189.8
3.0000E+01 20630.9
4.0000E+01 18655.2
5.0000E+01 16974.7
6.0000E+01 15156
7.0000E+01 13498.3
1.0000E+02 9441.07
1.5000E+02 4888.66
2.0000E+02 2611.58
3.0000E+02 743.789
4.0000E+02 215.64
