1.0000E+00 0.000302833
1.1000E+00 0.000365426
1.2000E+00 0.000433121
1.4000E+00 0.000583072
1.6000E+00 0.000751274
1.8000E+00 0.000936413
2.0000E+00 0.00113731
2.2000E+00 0.00135293
2.5000E+00 0.00170178
2.8000E+00 0.00207842
3.2000E+00 0.00261955
3.5000E+00 0.00305157
4.0000E+00 0.0038156
4.5000E+00 0.00462783
5.0000E+00 0.00548144
5.5000E+00 0.00637087
6.3000E+00 0.00785616
7.1000E+00 0.00940387
8.0000E+00 0.0112026
9.0000E+00 0.0132568
1.0000E+01 0.0153512
1.1000E+01 0.0174749
1.2000E+01 0.0196149
1.4000E+01 0.0239155
1.6000E+01 0.0282009
1.8000E+01 0.0324363
2.0000E+01 0.0365979
2.2000E+01 0.0406684
2.5000E+01 0.0465813
2.8000E+01 0.0522412
3.2000E+01 0.0593777
3.5000E+01 0.0644199
4.0000E+01 0.0723088
4.5000E+01 0.0804019
5.0000E+01 0.088457
5.5000E+01 0.0960191
6.3000E+01 0.107328
7.1000E+01 0.117183
8.0000E+01 0.126575
9.0000E+01 0.135402
1.0000E+02 0.142698
1.1000E+02 0.148854
1.2000E+02 0.154283
1.4000E+02 0.162654
1.6000E+02 0.168256
1.8000E+02 0.171861
2.0000E+02 0.173902
2.2000E+02 0.174608
2.5000E+02 0.174456
2.8000E+02 0.172881
3.2000E+02 0.169765
3.5000E+02 0.16678
4.0000E+02 0.16134
4.5000E+02 0.155227
5.0000E+02 0.148832
5.5000E+02 0.142579
6.3000E+02 0.132926
7.1000E+02 0.123752
8.0000E+02 0.114078
9.0000E+02 0.104407
1.0000E+03 0.095651
1.1000E+03 0.0876785
1.2000E+03 0.0806657
1.4000E+03 0.0686966
1.6000E+03 0.0590357
1.8000E+03 0.0511305
2.0000E+03 0.0447138
2.2000E+03 0.039359
2.5000E+03 0.032951
2.8000E+03 0.0279891
3.2000E+03 0.0230067
3.5000E+03 0.0201871
4.0000E+03 0.0166573
4.5000E+03 0.0137606
5.0000E+03 0.0114502
5.5000E+03 0.00960191
6.3000E+03 0.00734684
7.1000E+03 0.00574994
8.0000E+03 0.00445433
9.0000E+03 0.00342842
1.0000E+04 0.00269555
1.1000E+04 0.00215811
1.2000E+04 0.00175639
1.4000E+04 0.00120983
1.6000E+04 0.000871117
1.8000E+04 0.000649779
2.0000E+04 0.000498667
3.0000E+04 0.000176834
4.0000E+04 8.37308e-05
5.0000E+04 4.6654e-05
6.0000E+04 2.88556e-05
7.0000E+04 1.91936e-05
8.0000E+04 1.34696e-05
9.0000E+04 9.84935e-06
1.0000E+05 7.44032e-06
