1.0000E+00 0.136201
1.1000E+00 0.136201
1.2000E+00 0.136201
1.4000E+00 0.136201
1.6000E+00 0.136201
1.8000E+00 0.136201
2.0000E+00 0.136201
2.2000E+00 0.136201
2.5000E+00 0.136201
2.8000E+00 0.136201
3.2000E+00 0.136201
3.5000E+00 0.136201
4.0000E+00 0.136201
4.5000E+00 0.136201
5.0000E+00 0.136201
5.5000E+00 0.136201
6.3000E+00 0.136188
7.1000E+00 0.136188
8.0000E+00 0.136188
9.0000E+00 0.136176
1.0000E+01 0.136176
1.1000E+01 0.136163
1.2000E+01 0.13615
1.4000E+01 0.136138
1.6000E+01 0.1361
1.8000E+01 0.136075
2.0000E+01 0.136037
2.2000E+01 0.136
2.5000E+01 0.135937
2.8000E+01 0.135862
3.2000E+01 0.135748
3.5000E+01 0.135661
4.0000E+01 0.135497
4.5000E+01 0.135309
5.0000E+01 0.135108
5.5000E+01 0.134882
6.3000E+01 0.134492
7.1000E+01 0.134065
8.0000E+01 0.133538
9.0000E+01 0.132922
1.0000E+02 0.132257
1.1000E+02 0.131566
1.2000E+02 0.13085
1.4000E+02 0.129355
1.6000E+02 0.127811
1.8000E+02 0.126215
2.0000E+02 0.124614
2.2000E+02 0.123
2.5000E+02 0.120584
2.8000E+02 0.118185
3.2000E+02 0.115037
3.5000E+02 0.112729
4.0000E+02 0.108996
4.5000E+02 0.105412
5.0000E+02 0.101982
5.5000E+02 0.098704
6.3000E+02 0.0937667
7.1000E+02 0.0891911
8.0000E+02 0.0844446
9.0000E+02 0.0796229
1.0000E+03 0.0752281
1.1000E+03 0.0712165
1.2000E+03 0.0675477
1.4000E+03 0.0610743
1.6000E+03 0.0555742
1.8000E+03 0.0508592
2.0000E+03 0.046781
2.2000E+03 0.0432215
2.5000E+03 0.0386547
2.8000E+03 0.0348301
3.2000E+03 0.0305924
3.5000E+03 0.0279184
4.0000E+03 0.0241403
4.5000E+03 0.021038
5.0000E+03 0.0184783
5.5000E+03 0.0163506
6.3000E+03 0.0136238
7.1000E+03 0.0115307
8.0000E+03 0.00970813
9.0000E+03 0.00815395
1.0000E+04 0.0069546
1.1000E+04 0.00600971
1.2000E+04 0.00525196
1.4000E+04 0.00411152
1.6000E+04 0.00331885
1.8000E+04 0.00274436
2.0000E+04 0.0023138
3.0000E+04 0.00106137
4.0000E+04 0.000590873
5.0000E+04 0.000359819
6.0000E+04 0.000227951
7.0000E+04 0.000145043
8.0000E+04 8.92564e-05
9.0000E+04 4.97803e-05
1.0000E+05 2.07403e-05
