1.0000E+00 4.53392e-05
1.1000E+00 5.44822e-05
1.2000E+00 6.43243e-05
1.4000E+00 8.59847e-05
1.6000E+00 0.000110093
1.8000E+00 0.000136444
2.0000E+00 0.000164869
2.2000E+00 0.000195182
2.5000E+00 0.00024391
2.8000E+00 0.000296145
3.2000E+00 0.000370594
3.5000E+00 0.000429625
4.0000E+00 0.000533248
4.5000E+00 0.000642494
5.0000E+00 0.000756464
5.5000E+00 0.000874375
6.3000E+00 0.00106969
7.1000E+00 0.0012714
8.0000E+00 0.00150385
9.0000E+00 0.00176671
1.0000E+01 0.00203271
1.1000E+01 0.00230024
1.2000E+01 0.00256798
1.4000E+01 0.00310086
1.6000E+01 0.00362559
1.8000E+01 0.00413882
2.0000E+01 0.00463837
2.2000E+01 0.00512271
2.5000E+01 0.0058191
2.8000E+01 0.00647836
3.2000E+01 0.00729972
3.5000E+01 0.00788308
4.0000E+01 0.00889401
4.5000E+01 0.00988789
5.0000E+01 0.0108244
5.5000E+01 0.0116966
6.3000E+01 0.0129354
7.1000E+01 0.0139756
8.0000E+01 0.0149712
9.0000E+01 0.0158865
1.0000E+02 0.0166747
1.1000E+02 0.0173381
1.2000E+02 0.0178951
1.4000E+02 0.0187126
1.6000E+02 0.0192414
1.8000E+02 0.0195421
2.0000E+02 0.0196855
2.2000E+02 0.0197278
2.5000E+02 0.0196246
2.8000E+02 0.0194216
3.2000E+02 0.0190221
3.5000E+02 0.0186811
4.0000E+02 0.0180243
4.5000E+02 0.0173109
5.0000E+02 0.016602
5.5000E+02 0.0159071
6.3000E+02 0.0148279
7.1000E+02 0.0137986
8.0000E+02 0.0127378
9.0000E+02 0.011664
1.0000E+03 0.0106831
1.1000E+03 0.00982231
1.2000E+03 0.00904971
1.4000E+03 0.00772543
1.6000E+03 0.00665653
1.8000E+03 0.00579348
2.0000E+03 0.00507917
2.2000E+03 0.00448973
2.5000E+03 0.00378042
2.8000E+03 0.00323375
3.2000E+03 0.00268784
3.5000E+03 0.00238688
4.0000E+03 0.00195877
4.5000E+03 0.00161536
5.0000E+03 0.00134436
5.5000E+03 0.00112526
6.3000E+03 0.000864766
7.1000E+03 0.000678899
8.0000E+03 0.000527059
9.0000E+03 0.000407552
1.0000E+04 0.000321703
1.1000E+04 0.000258785
1.2000E+04 0.000211425
1.4000E+04 0.000146813
1.6000E+04 0.000106544
1.8000E+04 8.00317e-05
2.0000E+04 6.18119e-05
3.0000E+04 2.2491e-05
4.0000E+04 1.08538e-05
5.0000E+04 6.13863e-06
6.0000E+04 3.84383e-06
7.0000E+04 2.58361e-06
8.0000E+04 1.82968e-06
9.0000E+04 1.3487e-06
1.0000E+05 1.02624e-06
