4.0000E-02 1911945600
1.0000E-01 1057276800
2.0000E-01 3.6218e+08
3.0000E-01 1.8055e+08
4.0000E-01 1.14618e+08
5.0000E-01 75645792
6.0000E-01 5.98035e+07
7.0000E-01 47711808
8.0000E-01 39047616
1.0000E+00 27381024
1.2500E+00 18238176
1.5000E+00 12185856
1.7500E+00 8403264
2.0000E+00 5813424
2.2500E+00 4.02788e+06
2.5000E+00 2.79573e+06
2.7500E+00 1.90572e+06
3.0000E+00 1.32468e+06
3.2500E+00 920419
3.5000E+00 647680
3.7500E+00 431715
4.0000E+00 291004
4.2500E+00 178019
4.5000E+00 109659
4.7500E+00 64146
5.0000E+00 37843.2
5.5000E+00 9018.43
6.0000E+00 1375.32
6.5000E+00 0
7.0000E+00 0
