1.0000E+00 5.46611e-05
1.1000E+00 5.46611e-05
1.2000E+00 5.46611e-05
1.4000E+00 5.46611e-05
1.6000E+00 5.46611e-05
1.8000E+00 5.46611e-05
2.0000E+00 5.46611e-05
2.2000E+00 5.46611e-05
2.5000E+00 5.46611e-05
2.8000E+00 5.46611e-05
3.2000E+00 5.46611e-05
3.5000E+00 5.46611e-05
4.0000E+00 5.46611e-05
4.5000E+00 5.46611e-05
5.0000E+00 5.46611e-05
5.5000E+00 5.46611e-05
6.3000E+00 5.46611e-05
7.1000E+00 5.46611e-05
8.0000E+00 5.46611e-05
9.0000E+00 5.46611e-05
1.0000E+01 5.46611e-05
1.1000E+01 5.46611e-05
1.2000E+01 5.46611e-05
1.4000E+01 5.46611e-05
1.6000E+01 5.46611e-05
1.8000E+01 5.46611e-05
2.0000E+01 5.46611e-05
2.2000E+01 5.46611e-05
2.5000E+01 5.46611e-05
2.8000E+01 5.46599e-05
3.2000E+01 5.46599e-05
3.5000E+01 5.46599e-05
4.0000E+01 5.46586e-05
4.5000E+01 5.46586e-05
5.0000E+01 5.46561e-05
5.5000E+01 5.46548e-05
6.3000E+01 5.46498e-05
7.1000E+01 5.46423e-05
8.0000E+01 5.4631e-05
9.0000E+01 5.46146e-05
1.0000E+02 5.4592e-05
1.1000E+02 5.45644e-05
1.2000E+02 5.45305e-05
1.4000E+02 5.44463e-05
1.6000E+02 5.43408e-05
1.8000E+02 5.4214e-05
2.0000E+02 5.4067e-05
2.2000E+02 5.39038e-05
2.5000E+02 5.36299e-05
2.8000E+02 5.33235e-05
3.2000E+02 5.28738e-05
3.5000E+02 5.25108e-05
4.0000E+02 5.1864e-05
4.5000E+02 5.11757e-05
5.0000E+02 5.04573e-05
5.5000E+02 4.97162e-05
6.3000E+02 4.85017e-05
7.1000E+02 4.72633e-05
8.0000E+02 4.58578e-05
9.0000E+02 4.42941e-05
1.0000E+03 4.27429e-05
1.1000E+03 4.12219e-05
1.2000E+03 3.97373e-05
1.4000E+03 3.69113e-05
1.6000E+03 3.43014e-05
1.8000E+03 3.19175e-05
2.0000E+03 2.97509e-05
2.2000E+03 2.77877e-05
2.5000E+03 2.51728e-05
2.8000E+03 2.29032e-05
3.2000E+03 2.0297e-05
3.5000E+03 1.85938e-05
4.0000E+03 1.61208e-05
4.5000E+03 1.40546e-05
5.0000E+03 1.23344e-05
5.5000E+03 1.08986e-05
6.3000E+03 9.05513e-06
7.1000E+03 7.63748e-06
8.0000E+03 6.40422e-06
9.0000E+03 5.35584e-06
1.0000E+04 4.54948e-06
1.1000E+04 3.91671e-06
1.2000E+04 3.41092e-06
1.4000E+04 2.65368e-06
1.6000E+04 2.13093e-06
1.8000E+04 1.75426e-06
2.0000E+04 1.47354e-06
3.0000E+04 6.63319e-07
4.0000E+04 3.64855e-07
5.0000E+04 2.20277e-07
6.0000E+04 1.38637e-07
7.0000E+04 8.77555e-08
8.0000E+04 5.37681e-08
9.0000E+04 2.98727e-08
1.0000E+05 1.23931e-08
