12 0
13.2 0
14.4 0
16.8 0
19.2 0
21.6 0
24 0
26.4 0
30 0
33.6 0
38.4 0
42 0
48 0
54 0
60 0
66 0
75.6 0
85.2 0
96 0
108 0
120 0
132 0
144 0
168 0
192 0
216 0
240 0
264 0
300 0
336 0
384 0
420 0
480 5.11859e-06
540 0.000292117
600 0.000982427
660 0.00185042
756 0.00324613
852 0.00464227
960 0.00630573
1080 0.00808025
1200 0.00991732
1320 0.0120788
1440 0.014538
1680 0.0195345
1920 0.0241945
2160 0.0281987
2400 0.0317718
2640 0.0350877
3000 0.0395359
3360 0.0432394
3840 0.0469222
4200 0.0492902
4800 0.0520219
5400 0.0541716
6000 0.0553345
6600 0.0562964
7560 0.0569674
8520 0.0569652
9600 0.0567817
10800 0.0559935
12000 0.0547047
13200 0.0531304
14400 0.0514041
16800 0.0475009
19200 0.0433512
21600 0.039347
24000 0.0356479
26400 0.0322897
30000 0.0279446
33600 0.0243737
38400 0.0206138
42000 0.0184499
48000 0.0156704
54000 0.0131591
60000 0.0110615
66000 0.00933058
75600 0.00716997
85200 0.00562117
96000 0.00435282
108000 0.00334211
120000 0.00261977
132000 0.00209004
144000 0.00169494
168000 0.00115891
192000 0.000828785
216000 0.000614352
240000 0.000468766
360000 0.000162415
480000 7.56225e-05
600000 4.15869e-05
720000 2.54474e-05
840000 1.67724e-05
960000 1.16782e-05
1080000 8.47959e-06
1200000 6.36566e-06
