1.0000E+00 108725
1.1000E+00 108725
1.2000E+00 108725
1.4000E+00 108725
1.6000E+00 108725
1.8000E+00 108725
2.0000E+00 108725
2.2000E+00 108725
2.5000E+00 108725
2.8000E+00 108725
3.2000E+00 108725
3.5000E+00 108725
4.0000E+00 108725
4.5000E+00 108725
5.0000E+00 108725
5.5000E+00 108725
6.3000E+00 108725
7.1000E+00 108725
8.0000E+00 108725
9.0000E+00 108725
1.0000E+01 108725
1.1000E+01 108725
1.2000E+01 108725
1.4000E+01 108715
1.6000E+01 108715
1.8000E+01 108704
2.0000E+01 108693
2.2000E+01 108682
2.5000E+01 108671
2.8000E+01 108649
3.2000E+01 108617
3.5000E+01 108595
4.0000E+01 108545
4.5000E+01 108487
5.0000E+01 108421
5.5000E+01 108348
6.3000E+01 108214
7.1000E+01 108062
8.0000E+01 107871
9.0000E+01 107635
1.0000E+02 107377
1.1000E+02 107099
1.2000E+02 106803
1.4000E+02 106164
1.6000E+02 105474
1.8000E+02 104735
2.0000E+02 103956
2.2000E+02 103140
2.5000E+02 101870
2.8000E+02 100556
3.2000E+02 98761.7
3.5000E+02 97400.2
4.0000E+02 95127.7
4.5000E+02 92872.6
5.0000E+02 90655.6
5.5000E+02 88489.5
6.3000E+02 85147.6
7.1000E+02 81968.6
8.0000E+02 78583.3
9.0000E+02 75053.6
1.0000E+03 71761.6
1.1000E+03 68693.3
1.2000E+03 65830.3
1.4000E+03 60644.8
1.6000E+03 56097.7
1.8000E+03 52095.7
2.0000E+03 48551.9
2.2000E+03 45398.9
2.5000E+03 41274.2
2.8000E+03 37752.1
3.2000E+03 33790.2
3.5000E+03 31269.2
4.0000E+03 27712.3
4.5000E+03 24798.2
5.0000E+03 22370.5
5.5000E+03 20318.4
6.3000E+03 17616
7.1000E+03 15451.1
8.0000E+03 13463.1
9.0000E+03 11653.2
1.0000E+04 10171.7
1.1000E+04 8950.9
1.2000E+04 7936.39
1.4000E+04 6354.26
1.6000E+04 5207.73
1.8000E+04 4351.52
2.0000E+04 3696.27
3.0000E+04 1748.68
4.0000E+04 987.269
5.0000E+04 606.339
6.0000E+04 386.424
7.0000E+04 247.005
8.0000E+04 152.557
9.0000E+04 85.3539
1.0000E+05 35.6837
