56 0
61.6 0
67.2 0
78.4 0
89.6 0
100.8 0
112 0
123.2 0
140 0
156.8 0
179.2 0
196 0
224 0
252 0
280 0
308 0
352.8 0
397.6 0
448 0
504 0
560 0
616 0
672 0
784 0
896 0
1008 0
1120 0
1232 0
1400 0
1568 0
1792 0
1960 7.41339e-07
2240 3.84187e-05
2520 0.000122395
2800 0.000221284
3080 0.000317273
3528 0.000474053
3976 0.000638727
4480 0.000817515
5040 0.00103487
5600 0.00129604
6160 0.00157551
6720 0.00186214
7840 0.00240219
8960 0.00286265
10080 0.00328326
11200 0.0036561
12320 0.0040119
14000 0.00445542
15680 0.00479743
17920 0.00518015
19600 0.00539393
22400 0.00569696
25200 0.00587675
28000 0.00603484
30800 0.00612941
35280 0.00620204
39760 0.00624884
44800 0.00623505
50400 0.00614873
56000 0.0060154
61600 0.00585341
67200 0.00566297
78400 0.00522575
89600 0.00477354
100800 0.00434283
112000 0.00394578
123200 0.00358944
140000 0.00313234
156800 0.00275853
179200 0.00237439
196000 0.00216181
224000 0.00182403
252000 0.00153165
280000 0.0012905
308000 0.00108943
352800 0.000845396
397600 0.000668118
448000 0.000521022
504000 0.00040423
560000 0.000319716
616000 0.000257558
672000 0.000210622
784000 0.00014639
896000 0.000106289
1008000 7.98688e-05
1120000 6.16969e-05
1680000 2.24508e-05
2240000 1.08345e-05
2800000 6.12778e-06
3360000 3.83699e-06
3920000 2.57905e-06
4480000 1.82642e-06
5040000 1.34631e-06
5600000 1.02441e-06
