1.0000E-01 16223328
1.5000E-01 12779424
2.0000E-01 10287648
3.0000E-01 7.45451e+06
4.0000E-01 5.65523e+06
5.0000E-01 4.71779e+06
6.0000E-01 4.029e+06
7.0000E-01 3522096
1.0000E+00 2.60332e+06
1.5000E+00 1965168
2.0000E+00 1.58596e+06
3.0000E+00 1.21591e+06
4.0000E+00 992304
5.0000E+00 872986
6.0000E+00 786931
7.0000E+00 734210
1.0000E+01 636215
1.5000E+01 570560
2.0000E+01 531118
3.0000E+01 479304
4.0000E+01 432579
5.0000E+01 392412
6.0000E+01 352365
7.0000E+01 314150
1.0000E+02 219750
1.5000E+02 110264
2.0000E+02 57233.1
3.0000E+02 14842.7
4.0000E+02 3819.92
