1.0000E-01 7.4480E+02
1.5000E-01 5.7369E+02
2.0000E-01 4.1978E+02
3.0000E-01 2.3022E+02
4.0000E-01 1.3727E+02
5.0000E-01 8.2945E+01
6.0000E-01 5.5093E+01
7.0000E-01 3.7431E+01
1.0000E+00 1.9987E+01
1.5000E+00 8.8606E+00
2.0000E+00 5.4267E+00
3.0000E+00 2.5372E+00
4.0000E+00 1.4651E+00
5.0000E+00 8.7871E-01
6.0000E+00 5.9842E-01
7.0000E+00 4.1551E-01
1.0000E+01 2.2192E-01
1.5000E+01 9.0136E-02
2.0000E+01 6.3184E-02
3.0000E+01 4.6293E-02
4.0000E+01 3.9559E-02
5.0000E+01 3.5811E-02
6.0000E+01 3.4264E-02
7.0000E+01 3.1882E-02
1.0000E+02 2.4417E-02
1.5000E+02 1.4082E-02
2.0000E+02 7.0086E-03
3.0000E+02 1.9973E-03
4.0000E+02 0.0000E+00
