1.0000E-01 22982400
1.5000E-01 19188576
2.0000E-01 16189632
3.0000E-01 12351744
4.0000E-01 9688896
5.0000E-01 8.01343e+06
6.0000E-01 6.7627e+06
7.0000E-01 6.01102e+06
1.0000E+00 4464288
1.5000E+00 3268944
2.0000E+00 2.53524e+06
3.0000E+00 1.8309e+06
4.0000E+00 1.41013e+06
5.0000E+00 1.195e+06
6.0000E+00 1.04268e+06
7.0000E+00 951091
1.0000E+01 788020
1.5000E+01 690284
2.0000E+01 633528
3.0000E+01 559596
4.0000E+01 499962
5.0000E+01 450239
6.0000E+01 401311
7.0000E+01 354430
1.0000E+02 242931
1.5000E+02 115793
2.0000E+02 56755.3
3.0000E+02 13379.9
4.0000E+02 2783.12
