1.0000E-01 30057696
1.5000E-01 24198048
2.0000E-01 19766592
3.0000E-01 14212800
4.0000E-01 10679040
5.0000E-01 8.63862e+06
6.0000E-01 7.17094e+06
7.0000E-01 6.26184e+06
1.0000E+00 4.56866e+06
1.5000E+00 3.3906e+06
2.0000E+00 2.71149e+06
3.0000E+00 2.085e+06
4.0000E+00 1712448
5.0000E+00 1.51131e+06
6.0000E+00 1.36693e+06
7.0000E+00 1.28148e+06
1.0000E+01 1.12052e+06
1.5000E+01 1.00544e+06
2.0000E+01 935280
3.0000E+01 840180
4.0000E+01 764830
5.0000E+01 699494
6.0000E+01 627471
7.0000E+01 560762
1.0000E+02 395600
1.5000E+02 207429
2.0000E+02 111508
3.0000E+02 32137.3
4.0000E+02 9415.87
