1.0000E-01 26340768
1.5000E-01 2.21365e+07
2.0000E-01 18803232
3.0000E-01 14585184
4.0000E-01 1.16329e+07
5.0000E-01 9762336
6.0000E-01 8.34356e+06
7.0000E-01 7.33095e+06
1.0000E+00 5.43015e+06
1.5000E+00 4.02745e+06
2.0000E+00 3.16146e+06
3.0000E+00 2.31708e+06
4.0000E+00 1.80325e+06
5.0000E+00 1524528
6.0000E+00 1.32728e+06
7.0000E+00 1.20995e+06
1.0000E+01 1004400
1.5000E+01 876269
2.0000E+01 806363
3.0000E+01 709448
4.0000E+01 636457
5.0000E+01 575104
6.0000E+01 512698
7.0000E+01 454326
1.0000E+02 312638
1.5000E+02 152868
2.0000E+02 77619.2
3.0000E+02 19367.4
4.0000E+02 4893.96
