'SPECIES' -604800
1.0000E+00 36942048
1.1000E+00 36942048
1.2000E+00 36942048
1.4000E+00 36942048
1.6000E+00 36942048
1.8000E+00 36942048
2.0000E+00 36942048
2.2000E+00 36942048
2.5000E+00 36942048
2.8000E+00 36942048
3.2000E+00 36942048
3.5000E+00 36942048
4.0000E+00 36942048
4.5000E+00 36942048
5.0000E+00 36942048
5.5000E+00 36942048
6.3000E+00 36942048
7.1000E+00 36942048
8.0000E+00 36942048
9.0000E+00 36942048
1.0000E+01 36942048
1.1000E+01 36942048
1.2000E+01 36942048
1.4000E+01 36942048
1.6000E+01 36942048
1.8000E+01 36942048
2.0000E+01 36942048
2.2000E+01 36942048
2.5000E+01 36941184
2.8000E+01 36941184
3.2000E+01 36941184
3.5000E+01 36941184
4.0000E+01 36941184
4.5000E+01 36940320
5.0000E+01 36940320
5.5000E+01 36939456
6.3000E+01 36938592
7.1000E+01 36937728
8.0000E+01 36936864
9.0000E+01 36936000
1.0000E+02 36934272
1.1000E+02 36932544
1.2000E+02 36930816
1.4000E+02 3.69274e+07
1.6000E+02 3.6923e+07
1.8000E+02 36915264
2.0000E+02 3.69014e+07
2.2000E+02 36882432
2.5000E+02 36846144
2.8000E+02 36800352
3.2000E+02 36720864
3.5000E+02 36645696
4.0000E+02 3.6491e+07
4.5000E+02 36307008
5.0000E+02 36097920
5.5000E+02 35863776
6.3000E+02 35449056
7.1000E+02 34998912
8.0000E+02 34467552
9.0000E+02 33858432
1.0000E+03 33234624
1.1000E+03 3.2603e+07
1.2000E+03 3.19723e+07
1.4000E+03 30730752
1.6000E+03 2.95315e+07
1.8000E+03 28381536
2.0000E+03 2.72834e+07
2.2000E+03 26232768
2.5000E+03 2.47363e+07
2.8000E+03 2.33323e+07
3.2000E+03 2.16043e+07
3.5000E+03 20411136
4.0000E+03 18609696
4.5000E+03 17027712
5.0000E+03 15638400
5.5000E+03 14414976
6.3000E+03 1.27397e+07
7.1000E+03 11342592
8.0000E+03 10018080
9.0000E+03 8769600
1.0000E+04 7.71492e+06
1.1000E+04 6.82716e+06
1.2000E+04 6.07815e+06
1.4000E+04 4894128
1.6000E+04 4.02468e+06
1.8000E+04 3.36969e+06
2.0000E+04 2.86572e+06
3.0000E+04 1360800
4.0000E+04 768753
5.0000E+04 472193
6.0000E+04 300931
7.0000E+04 192352
8.0000E+04 118809
9.0000E+04 66471
1.0000E+05 27789.7
