1.0000E+00 315.71
1.1000E+00 315.71
1.2000E+00 315.71
1.4000E+00 315.71
1.6000E+00 315.71
1.8000E+00 315.71
2.0000E+00 315.71
2.2000E+00 315.71
2.5000E+00 315.71
2.8000E+00 315.71
3.2000E+00 315.71
3.5000E+00 315.71
4.0000E+00 315.699
4.5000E+00 315.699
5.0000E+00 315.699
5.5000E+00 315.699
6.3000E+00 315.688
7.1000E+00 315.677
8.0000E+00 315.677
9.0000E+00 315.666
1.0000E+01 315.645
1.1000E+01 315.634
1.2000E+01 315.612
1.4000E+01 315.569
1.6000E+01 315.514
1.8000E+01 315.46
2.0000E+01 315.384
2.2000E+01 315.308
2.5000E+01 315.178
2.8000E+01 315.026
3.2000E+01 314.809
3.5000E+01 314.624
4.0000E+01 314.277
4.5000E+01 313.897
5.0000E+01 313.473
5.5000E+01 313.017
6.3000E+01 312.203
7.1000E+01 311.302
8.0000E+01 310.205
9.0000E+01 308.891
1.0000E+02 307.502
1.1000E+02 306.047
1.2000E+02 304.538
1.4000E+02 301.367
1.6000E+02 298.056
1.8000E+02 294.657
2.0000E+02 291.194
2.2000E+02 287.709
2.5000E+02 282.476
2.8000E+02 277.264
3.2000E+02 270.413
3.5000E+02 265.364
4.0000E+02 257.156
4.5000E+02 249.241
5.0000E+02 241.641
5.5000E+02 234.356
6.3000E+02 223.336
7.1000E+02 213.075
8.0000E+02 202.37
9.0000E+02 191.448
1.0000E+03 181.437
1.1000E+03 172.273
1.2000E+03 163.859
1.4000E+03 148.919
1.6000E+03 136.151
1.8000E+03 125.131
2.0000E+03 115.544
2.2000E+03 107.139
2.5000E+03 96.2927
2.8000E+03 87.1519
3.2000E+03 76.9525
3.5000E+03 70.4739
4.0000E+03 61.2626
4.5000E+03 53.6581
5.0000E+03 47.3554
5.5000E+03 42.0928
6.3000E+03 35.3135
7.1000E+03 30.0748
8.0000E+03 25.4833
9.0000E+03 21.541
1.0000E+04 18.4792
1.1000E+04 16.0526
1.2000E+04 14.095
1.4000E+04 11.1288
1.6000E+04 9.04808
1.8000E+04 7.52718
2.0000E+04 6.3788
3.0000E+04 3.0013
4.0000E+04 1.69841
5.0000E+04 1.04652
6.0000E+04 0.668975
7.0000E+04 0.428724
8.0000E+04 0.265397
9.0000E+04 0.148811
1.0000E+05 0.0623581
