1.0000E+00 0.000333212
1.1000E+00 0.000402265
1.2000E+00 0.000476996
1.4000E+00 0.000642624
1.6000E+00 0.000828535
1.8000E+00 0.00103332
2.0000E+00 0.00125565
2.2000E+00 0.0014944
2.5000E+00 0.00188082
2.8000E+00 0.0022985
3.2000E+00 0.00289869
3.5000E+00 0.00337815
4.0000E+00 0.00422666
4.5000E+00 0.00512923
5.0000E+00 0.00607827
5.5000E+00 0.00706759
6.3000E+00 0.00872084
7.1000E+00 0.0104445
8.0000E+00 0.012449
9.0000E+00 0.0147388
1.0000E+01 0.0170764
1.1000E+01 0.0194455
1.2000E+01 0.0218352
1.4000E+01 0.0266396
1.6000E+01 0.0314298
1.8000E+01 0.0361658
2.0000E+01 0.0408214
2.2000E+01 0.0453772
2.5000E+01 0.0519958
2.8000E+01 0.0583354
3.2000E+01 0.0663308
3.5000E+01 0.0719799
4.0000E+01 0.0808221
4.5000E+01 0.089889
5.0000E+01 0.0989126
5.5000E+01 0.107383
6.3000E+01 0.12005
7.1000E+01 0.131081
8.0000E+01 0.14158
9.0000E+01 0.151438
1.0000E+02 0.159581
1.1000E+02 0.166443
1.2000E+02 0.17248
1.4000E+02 0.181752
1.6000E+02 0.187908
1.8000E+02 0.191806
2.0000E+02 0.193956
2.2000E+02 0.194618
2.5000E+02 0.194227
2.8000E+02 0.192262
3.2000E+02 0.188516
3.5000E+02 0.184987
4.0000E+02 0.178625
4.5000E+02 0.171535
5.0000E+02 0.164163
5.5000E+02 0.156986
6.3000E+02 0.145944
7.1000E+02 0.1355
8.0000E+02 0.124534
9.0000E+02 0.113622
1.0000E+03 0.103781
1.1000E+03 0.0948584
1.2000E+03 0.0870314
1.4000E+03 0.0737355
1.6000E+03 0.0630638
1.8000E+03 0.0543779
2.0000E+03 0.0473576
2.2000E+03 0.0415228
2.5000E+03 0.0345763
2.8000E+03 0.0292247
3.2000E+03 0.0238775
3.5000E+03 0.0208635
4.0000E+03 0.0171068
4.5000E+03 0.0140505
5.0000E+03 0.0116304
5.5000E+03 0.00970614
6.3000E+03 0.00737474
7.1000E+03 0.00573572
8.0000E+03 0.00441514
9.0000E+03 0.00337674
1.0000E+04 0.00263964
1.1000E+04 0.00210242
1.2000E+04 0.00170276
1.4000E+04 0.00116282
1.6000E+04 0.000830999
1.8000E+04 0.00061572
2.0000E+04 0.000469689
3.0000E+04 0.000162708
4.0000E+04 7.5756e-05
5.0000E+04 4.16607e-05
6.0000E+04 2.5492e-05
7.0000E+04 1.68028e-05
8.0000E+04 1.16988e-05
9.0000E+04 8.49468e-06
1.0000E+05 6.37695e-06
