1.0000E+00 29.7742
1.1000E+00 29.7742
1.2000E+00 29.7742
1.4000E+00 29.7742
1.6000E+00 29.7742
1.8000E+00 29.7742
2.0000E+00 29.7742
2.2000E+00 29.7742
2.5000E+00 29.7742
2.8000E+00 29.7742
3.2000E+00 29.7742
3.5000E+00 29.7742
4.0000E+00 29.7742
4.5000E+00 29.7742
5.0000E+00 29.7742
5.5000E+00 29.7742
6.3000E+00 29.7742
7.1000E+00 29.7742
8.0000E+00 29.7742
9.0000E+00 29.7742
1.0000E+01 29.7742
1.1000E+01 29.7742
1.2000E+01 29.7742
1.4000E+01 29.7742
1.6000E+01 29.7742
1.8000E+01 29.7742
2.0000E+01 29.7731
2.2000E+01 29.7731
2.5000E+01 29.7731
2.8000E+01 29.772
3.2000E+01 29.772
3.5000E+01 29.7709
4.0000E+01 29.7699
4.5000E+01 29.7666
5.0000E+01 29.7644
5.5000E+01 29.7601
6.3000E+01 29.7514
7.1000E+01 29.7395
8.0000E+01 29.7232
9.0000E+01 29.6993
1.0000E+02 29.67
1.1000E+02 29.6364
1.2000E+02 29.5973
1.4000E+02 29.5083
1.6000E+02 29.4031
1.8000E+02 29.2848
2.0000E+02 29.1556
2.2000E+02 29.0156
2.5000E+02 28.7899
2.8000E+02 28.5501
3.2000E+02 28.2094
3.5000E+02 27.9424
4.0000E+02 27.4834
4.5000E+02 27.0102
5.0000E+02 26.5284
5.5000E+02 26.0422
6.3000E+02 25.2598
7.1000E+02 24.4774
8.0000E+02 23.6038
9.0000E+02 22.6543
1.0000E+03 21.7319
1.1000E+03 20.842
1.2000E+03 19.9902
1.4000E+03 18.4047
1.6000E+03 16.9788
1.8000E+03 15.7026
2.0000E+03 14.5621
2.2000E+03 13.5398
2.5000E+03 12.1931
2.8000E+03 11.0309
3.2000E+03 9.69644
3.5000E+03 8.82493
4.0000E+03 7.58283
4.5000E+03 6.56764
5.0000E+03 5.7352
5.5000E+03 5.04849
6.3000E+03 4.17427
7.1000E+03 3.50786
8.0000E+03 2.93304
9.0000E+03 2.44742
1.0000E+04 2.07552
1.1000E+04 1.78469
1.2000E+04 1.5529
1.4000E+04 1.20672
1.6000E+04 0.968288
1.8000E+04 0.79671
2.0000E+04 0.668951
3.0000E+04 0.300726
4.0000E+04 0.165328
5.0000E+04 0.099787
6.0000E+04 0.0627931
7.0000E+04 0.0397416
8.0000E+04 0.0243472
9.0000E+04 0.0135257
1.0000E+05 0.00561094
