4 0.0147128
4.4 0.0177029
4.8 0.0209275
5.6 0.0280434
6.4 0.0359878
7.2 0.0446986
8 0.0541173
8.8 0.0641919
10 0.0804334
11.2 0.0979039
12.8 0.122894
14 0.142785
16 0.177811
18 0.214899
20 0.253736
22 0.294049
25.2 0.361126
28.4 0.430722
32 0.511283
36 0.602854
40 0.695901
44 0.78985
48 0.884266
56 1.0731
64 1.26021
72 1.44435
80 1.62448
88 1.79982
100 2.05345
112 2.29503
128 2.59784
140 2.81064
160 3.14179
180 3.48065
200 3.81679
220 4.13079
252 4.59754
284 5.00089
320 5.3809
360 5.73431
400 6.02289
440 6.26306
480 6.47304
560 6.78953
640 6.99213
720 7.11308
800 7.17171
880 7.17714
1000 7.13827
1120 7.04511
1280 6.88464
1400 6.741
1600 6.48824
1800 6.2142
2000 5.93343
2200 5.66254
2520 5.24985
2840 4.8629
3200 4.45987
3600 4.06065
4000 3.70246
4400 3.37891
4800 3.09608
5600 2.61716
6400 2.23433
7200 1.9236
8000 1.67312
8800 1.46531
10000 1.21841
11200 1.02845
12800 0.839088
14000 0.73248
16000 0.599738
18000 0.492011
20000 0.406836
22000 0.339205
25200 0.257384
28400 0.199949
32000 0.15374
36000 0.117444
40000 0.0917174
44000 0.072982
48000 0.0590607
56000 0.0402742
64000 0.0287437
72000 0.0212728
80000 0.0162111
120000 0.00559349
160000 0.00259708
200000 0.00142514
240000 0.000870444
280000 0.000572855
320000 0.000398323
360000 0.000288892
400000 0.000216647
