1.0000E+00 8.77806e-05
1.1000E+00 8.77806e-05
1.2000E+00 8.77806e-05
1.4000E+00 8.77806e-05
1.6000E+00 8.77806e-05
1.8000E+00 8.77806e-05
2.0000E+00 8.77806e-05
2.2000E+00 8.77806e-05
2.5000E+00 8.77806e-05
2.8000E+00 8.77806e-05
3.2000E+00 8.77806e-05
3.5000E+00 8.77806e-05
4.0000E+00 8.77806e-05
4.5000E+00 8.77806e-05
5.0000E+00 8.77806e-05
5.5000E+00 8.77793e-05
6.3000E+00 8.77793e-05
7.1000E+00 8.77793e-05
8.0000E+00 8.77781e-05
9.0000E+00 8.77768e-05
1.0000E+01 8.77756e-05
1.1000E+01 8.77743e-05
1.2000E+01 8.7773e-05
1.4000E+01 8.77693e-05
1.6000E+01 8.77643e-05
1.8000E+01 8.7758e-05
2.0000E+01 8.77504e-05
2.2000E+01 8.77416e-05
2.5000E+01 8.77266e-05
2.8000E+01 8.7709e-05
3.2000E+01 8.76814e-05
3.5000E+01 8.76575e-05
4.0000E+01 8.7611e-05
4.5000E+01 8.75558e-05
5.0000E+01 8.74942e-05
5.5000E+01 8.74239e-05
6.3000E+01 8.72945e-05
7.1000E+01 8.71463e-05
8.0000E+01 8.69579e-05
9.0000E+01 8.67255e-05
1.0000E+02 8.64681e-05
1.1000E+02 8.61905e-05
1.2000E+02 8.58941e-05
1.4000E+02 8.52497e-05
1.6000E+02 8.45489e-05
1.8000E+02 8.38041e-05
2.0000E+02 8.30254e-05
2.2000E+02 8.2219e-05
2.5000E+02 8.09718e-05
2.8000E+02 7.96932e-05
3.2000E+02 7.79612e-05
3.5000E+02 7.66549e-05
4.0000E+02 7.44871e-05
4.5000E+02 7.23456e-05
5.0000E+02 7.02456e-05
5.5000E+02 6.82008e-05
6.3000E+02 6.50583e-05
7.1000E+02 6.20853e-05
8.0000E+02 5.89466e-05
9.0000E+02 5.57099e-05
1.0000E+03 5.27231e-05
1.1000E+03 4.997e-05
1.2000E+03 4.74303e-05
1.4000E+03 4.29125e-05
1.6000E+03 3.90402e-05
1.8000E+03 3.57018e-05
2.0000E+03 3.28017e-05
2.2000E+03 3.02633e-05
2.5000E+03 2.6999e-05
2.8000E+03 2.42609e-05
3.2000E+03 2.12176e-05
3.5000E+03 1.92896e-05
4.0000E+03 1.65666e-05
4.5000E+03 1.43511e-05
5.0000E+03 1.25384e-05
5.5000E+03 1.10424e-05
6.3000E+03 9.14029e-06
7.1000E+03 7.69086e-06
8.0000E+03 6.438e-06
9.0000E+03 5.37769e-06
1.0000E+04 4.56456e-06
1.1000E+04 3.92776e-06
1.2000E+04 3.41959e-06
1.4000E+04 2.65945e-06
1.6000E+04 2.1352e-06
1.8000E+04 1.75765e-06
2.0000E+04 1.4763e-06
3.0000E+04 6.64537e-07
4.0000E+04 3.65521e-07
5.0000E+04 2.20679e-07
6.0000E+04 1.38888e-07
7.0000E+04 8.79162e-08
8.0000E+04 5.38661e-08
9.0000E+04 2.99267e-08
1.0000E+05 1.24158e-08
