4.0000E-02 16979328000
1.0000E-01 11509344000
2.0000E-01 4383676800
3.0000E-01 1237852800
4.0000E-01 524534400
5.0000E-01 274060800
6.0000E-01 139665600
7.0000E-01 1.03775e+08
8.0000E-01 77205312
1.0000E+00 48662208
1.2500E+00 30390336
1.5000E+00 19668960
1.7500E+00 12744864
2.0000E+00 8750592
2.2500E+00 6.03539e+06
2.5000E+00 4.24431e+06
2.7500E+00 2.94209e+06
3.0000E+00 1.97061e+06
3.2500E+00 1.35397e+06
3.5000E+00 977357
3.7500E+00 713362
4.0000E+00 507410
4.2500E+00 362690
4.5000E+00 227733
4.7500E+00 143631
5.0000E+00 89354.9
5.5000E+00 36467.7
6.0000E+00 9018.43
6.5000E+00 1375.32
7.0000E+00 0
