1.0000E+00 2.16874e-07
1.1000E+00 2.63459e-07
1.2000E+00 3.14377e-07
1.4000E+00 4.28962e-07
1.6000E+00 5.60088e-07
1.8000E+00 7.07216e-07
2.0000E+00 8.69855e-07
2.2000E+00 1.04749e-06
2.5000E+00 1.34103e-06
2.8000E+00 1.66583e-06
3.2000E+00 2.14487e-06
3.5000E+00 2.53699e-06
4.0000E+00 3.2494e-06
4.5000E+00 4.03113e-06
5.0000E+00 4.8773e-06
5.5000E+00 5.78363e-06
6.3000E+00 7.34961e-06
7.1000E+00 9.04559e-06
8.0000E+00 1.10937e-05
9.0000E+00 1.35246e-05
1.0000E+01 1.61032e-05
1.1000E+01 1.88111e-05
1.2000E+01 2.16346e-05
1.4000E+01 2.7583e-05
1.6000E+01 3.38618e-05
1.8000E+01 4.04043e-05
2.0000E+01 4.71565e-05
2.2000E+01 5.40695e-05
2.5000E+01 6.46639e-05
2.8000E+01 7.54341e-05
3.2000E+01 8.99271e-05
3.5000E+01 0.000100814
4.0000E+01 0.000118852
4.5000E+01 0.000136603
5.0000E+01 0.00015396
5.5000E+01 0.000170829
6.3000E+01 0.000196652
7.1000E+01 0.000220943
8.0000E+01 0.000246352
9.0000E+01 0.0002722
1.0000E+02 0.0002956
1.1000E+02 0.00031665
1.2000E+02 0.000335503
1.4000E+02 0.000367192
1.6000E+02 0.000392827
1.8000E+02 0.000418801
2.0000E+02 0.000440416
2.2000E+02 0.00045628
2.5000E+02 0.000477418
2.8000E+02 0.000491774
3.2000E+02 0.000501056
3.5000E+02 0.000504322
4.0000E+02 0.000502124
4.5000E+02 0.00049504
5.0000E+02 0.0004867
5.5000E+02 0.000474982
6.3000E+02 0.000453265
7.1000E+02 0.000430293
8.0000E+02 0.000405148
9.0000E+02 0.00037896
1.0000E+03 0.000353778
1.1000E+03 0.000329738
1.2000E+03 0.000307921
1.4000E+03 0.000269588
1.6000E+03 0.000237045
1.8000E+03 0.000209425
2.0000E+03 0.000185938
2.2000E+03 0.00016583
2.5000E+03 0.000141124
2.8000E+03 0.000121086
3.2000E+03 0.000100127
3.5000E+03 8.76575e-05
4.0000E+03 7.12868e-05
4.5000E+03 5.89667e-05
5.0000E+03 4.95316e-05
5.5000E+03 4.21401e-05
6.3000E+03 3.33254e-05
7.1000E+03 2.70568e-05
8.0000E+03 2.20893e-05
9.0000E+03 1.81392e-05
1.0000E+04 1.49301e-05
1.1000E+04 1.23928e-05
1.2000E+04 1.03671e-05
1.4000E+04 7.41932e-06
1.6000E+04 5.49199e-06
1.8000E+04 4.16565e-06
2.0000E+04 3.2337e-06
3.0000E+04 1.16975e-06
4.0000E+04 5.547e-07
5.0000E+04 3.08298e-07
6.0000E+04 1.89983e-07
7.0000E+04 1.25927e-07
8.0000E+04 8.80695e-08
9.0000E+04 6.41942e-08
1.0000E+05 4.83485e-08
