1.0000E-01 92793600
1.5000E-01 75379680
2.0000E-01 58507488
3.0000E-01 35848224
4.0000E-01 24112512
5.0000E-01 16447968
6.0000E-01 1.21591e+07
7.0000E-01 9179136
1.0000E+00 5.01198e+06
1.5000E+00 2.2686e+06
2.0000E+00 1.43614e+06
3.0000E+00 679130
4.0000E+00 396274
5.0000E+00 237989
6.0000E+00 157283
7.0000E+00 105106
1.0000E+01 52428.4
1.5000E+01 19807.2
2.0000E+01 12549.6
3.0000E+01 8495.54
4.0000E+01 6717
5.0000E+01 6187.88
6.0000E+01 6039.19
7.0000E+01 5558.72
1.0000E+02 4149.96
1.5000E+02 2350.25
2.0000E+02 1197.5
3.0000E+02 363.623
4.0000E+02 0
