1.0000E+00 0.00211573
1.1000E+00 0.00211573
1.2000E+00 0.00211573
1.4000E+00 0.00211573
1.6000E+00 0.00211573
1.8000E+00 0.00211573
2.0000E+00 0.00211573
2.2000E+00 0.00211573
2.5000E+00 0.00211573
2.8000E+00 0.00211573
3.2000E+00 0.00211573
3.5000E+00 0.00211573
4.0000E+00 0.00211573
4.5000E+00 0.00211573
5.0000E+00 0.00211573
5.5000E+00 0.00211573
6.3000E+00 0.00211573
7.1000E+00 0.00211573
8.0000E+00 0.00211573
9.0000E+00 0.00211573
1.0000E+01 0.00211573
1.1000E+01 0.00211573
1.2000E+01 0.00211573
1.4000E+01 0.00211573
1.6000E+01 0.00211573
1.8000E+01 0.00211573
2.0000E+01 0.00211573
2.2000E+01 0.00211573
2.5000E+01 0.00211573
2.8000E+01 0.00211561
3.2000E+01 0.00211561
3.5000E+01 0.00211561
4.0000E+01 0.00211561
4.5000E+01 0.00211548
5.0000E+01 0.00211548
5.5000E+01 0.00211536
6.3000E+01 0.00211498
7.1000E+01 0.0021146
8.0000E+01 0.00211397
9.0000E+01 0.00211309
1.0000E+02 0.00211196
1.1000E+02 0.00211058
1.2000E+02 0.00210895
1.4000E+02 0.0021048
1.6000E+02 0.00209966
1.8000E+02 0.00209375
2.0000E+02 0.00208697
2.2000E+02 0.00207968
2.5000E+02 0.00206763
2.8000E+02 0.00205444
3.2000E+02 0.0020356
3.5000E+02 0.00202065
4.0000E+02 0.00199453
4.5000E+02 0.0019674
5.0000E+02 0.00193952
5.5000E+02 0.00191113
6.3000E+02 0.00186529
7.1000E+02 0.00181932
8.0000E+02 0.00176782
9.0000E+02 0.00171117
1.0000E+03 0.00165541
1.1000E+03 0.00160077
1.2000E+03 0.00154764
1.4000E+03 0.00144641
1.6000E+03 0.00135234
1.8000E+03 0.00126605
2.0000E+03 0.00118707
2.2000E+03 0.00111509
2.5000E+03 0.00101867
2.8000E+03 0.000934313
3.2000E+03 0.000836961
3.5000E+03 0.000773231
4.0000E+03 0.000679873
4.5000E+03 0.000600217
5.0000E+03 0.00053272
5.5000E+03 0.000475471
6.3000E+03 0.000400777
7.1000E+03 0.000342398
8.0000E+03 0.000290789
9.0000E+03 0.000246214
1.0000E+04 0.000211435
1.1000E+04 0.00018379
1.2000E+04 0.000161459
1.4000E+04 0.000127547
1.6000E+04 0.000103726
1.8000E+04 8.63023e-05
2.0000E+04 7.31394e-05
3.0000E+04 3.44182e-05
4.0000E+04 1.94768e-05
5.0000E+04 1.20012e-05
6.0000E+04 7.67165e-06
7.0000E+04 4.91649e-06
8.0000E+04 3.04354e-06
9.0000E+04 1.70653e-06
1.0000E+05 7.15104e-07
