1.0000E+00 0.00034155
1.1000E+00 0.000412329
1.2000E+00 0.000488928
1.4000E+00 0.000658693
1.6000E+00 0.000849261
1.8000E+00 0.00105917
2.0000E+00 0.00128703
2.2000E+00 0.00153175
2.5000E+00 0.00192794
2.8000E+00 0.00235594
3.2000E+00 0.00297122
3.5000E+00 0.00346273
4.0000E+00 0.00433241
4.5000E+00 0.00525756
5.0000E+00 0.00623038
5.5000E+00 0.00724445
6.3000E+00 0.00893896
7.1000E+00 0.0107058
8.0000E+00 0.0127606
9.0000E+00 0.015108
1.0000E+01 0.0175031
1.1000E+01 0.0199319
1.2000E+01 0.0223813
1.4000E+01 0.0273051
1.6000E+01 0.0322159
1.8000E+01 0.0370702
2.0000E+01 0.0418431
2.2000E+01 0.0465129
2.5000E+01 0.0532976
2.8000E+01 0.0597947
3.2000E+01 0.0679898
3.5000E+01 0.0737811
4.0000E+01 0.0828014
4.5000E+01 0.0917847
5.0000E+01 0.100869
5.5000E+01 0.109301
6.3000E+01 0.121255
7.1000E+01 0.132275
8.0000E+01 0.143176
9.0000E+01 0.153317
1.0000E+02 0.16184
1.1000E+02 0.169201
1.2000E+02 0.175444
1.4000E+02 0.184499
1.6000E+02 0.190503
1.8000E+02 0.194249
2.0000E+02 0.196236
2.2000E+02 0.197093
2.5000E+02 0.197007
2.8000E+02 0.195334
3.2000E+02 0.191274
3.5000E+02 0.187517
4.0000E+02 0.180916
4.5000E+02 0.173783
5.0000E+02 0.166584
5.5000E+02 0.159277
6.3000E+02 0.148007
7.1000E+02 0.1374
8.0000E+02 0.126293
9.0000E+02 0.11524
1.0000E+03 0.105246
1.1000E+03 0.096271
1.2000E+03 0.0882984
1.4000E+03 0.0748169
1.6000E+03 0.0639726
1.8000E+03 0.0551998
2.0000E+03 0.0480524
2.2000E+03 0.0421623
2.5000E+03 0.0351257
2.8000E+03 0.0297122
3.2000E+03 0.0243009
3.5000E+03 0.0212978
4.0000E+03 0.0174434
4.5000E+03 0.0143111
5.0000E+03 0.011841
5.5000E+03 0.009869
6.3000E+03 0.00749743
7.1000E+03 0.00582931
8.0000E+03 0.00448376
9.0000E+03 0.00342832
1.0000E+04 0.00267905
1.1000E+04 0.00213347
1.2000E+04 0.00172773
1.4000E+04 0.00117954
1.6000E+04 0.000842877
1.8000E+04 0.000624493
2.0000E+04 0.000476366
3.0000E+04 0.000164999
4.0000E+04 7.68244e-05
5.0000E+04 4.22481e-05
6.0000E+04 2.58513e-05
7.0000E+04 1.70395e-05
8.0000E+04 1.18638e-05
9.0000E+04 8.61443e-06
1.0000E+05 6.46685e-06
