  1.0000E-01   2.6600E+02   9.7032E+02
  1.5000E-01   2.2209E+02   7.8619E+02
  2.0000E-01   1.8738E+02   6.1084E+02
  3.0000E-01   1.4296E+02   3.7621E+02
  4.0000E-01   1.1214E+02   2.5105E+02
  5.0000E-01   9.2748E+01   1.6935E+02
  6.0000E-01   7.8272E+01   1.1588E+02
  7.0000E-01   6.9572E+01   8.0172E+01
  1.0000E+00   5.1670E+01   4.7672E+01
  1.5000E+00   3.7835E+01   2.2327E+01
  2.0000E+00   2.9343E+01   1.4039E+01
  3.0000E+00   2.1191E+01   6.5107E+00
  4.0000E+00   1.6321E+01   3.6801E+00
  5.0000E+00   1.3831E+01   2.1267E+00
  6.0000E+00   1.2068E+01   1.4118E+00
  7.0000E+00   1.1008E+01   9.5253E-01
  1.0000E+01   9.1206E+00   4.7799E-01
  1.5000E+01   7.9894E+00   1.7880E-01
  2.0000E+01   7.3325E+00   1.1610E-01
  3.0000E+01   6.4768E+00   7.7299E-02
  4.0000E+01   5.7866E+00   6.3281E-02
  5.0000E+01   5.2111E+00   5.7088E-02
  6.0000E+01   4.6448E+00   5.5447E-02
  7.0000E+01   4.1022E+00   5.1448E-02
  1.0000E+02   2.8117E+00   3.7922E-02
  1.5000E+02   1.3402E+00   2.1548E-02
  2.0000E+02   6.5689E-01   1.0784E-02
  3.0000E+02   1.5486E-01   3.1234E-03
  4.0000E+02   3.2212E-02   0.0000E+00
