1.0000E+00 36.7
1.1000E+00 36.7
1.2000E+00 36.7
1.4000E+00 36.7
1.6000E+00 36.7
1.8000E+00 36.7
2.0000E+00 36.7
2.2000E+00 36.7
2.5000E+00 36.7
2.8000E+00 36.7
3.2000E+00 36.7
3.5000E+00 36.7
4.0000E+00 36.6989
4.5000E+00 36.6989
5.0000E+00 36.6989
5.5000E+00 36.6978
6.3000E+00 36.6978
7.1000E+00 36.6967
8.0000E+00 36.6957
9.0000E+00 36.6935
1.0000E+01 36.6913
1.1000E+01 36.6891
1.2000E+01 36.687
1.4000E+01 36.6815
1.6000E+01 36.6739
1.8000E+01 36.6663
2.0000E+01 36.6577
2.2000E+01 36.6468
2.5000E+01 36.6305
2.8000E+01 36.611
3.2000E+01 36.5827
3.5000E+01 36.5599
4.0000E+01 36.5165
4.5000E+01 36.4687
5.0000E+01 36.4166
5.5000E+01 36.3591
6.3000E+01 36.2603
7.1000E+01 36.1506
8.0000E+01 36.0192
9.0000E+01 35.8629
1.0000E+02 35.6979
1.1000E+02 35.5241
1.2000E+02 35.3461
1.4000E+02 34.9737
1.6000E+02 34.5893
1.8000E+02 34.1974
2.0000E+02 33.8
2.2000E+02 33.4004
2.5000E+02 32.8011
2.8000E+02 32.2061
3.2000E+02 31.4266
3.5000E+02 30.8533
4.0000E+02 29.9239
4.5000E+02 29.0282
5.0000E+02 28.1672
5.5000E+02 27.3431
6.3000E+02 26.0956
7.1000E+02 24.935
8.0000E+02 23.7244
9.0000E+02 22.4866
1.0000E+03 21.3531
1.1000E+03 20.313
1.2000E+03 19.3554
1.4000E+03 17.654
1.6000E+03 16.1948
1.8000E+03 14.931
2.0000E+03 13.8279
2.2000E+03 12.8562
2.5000E+03 11.5956
2.8000E+03 10.526
3.2000E+03 9.31951
3.5000E+03 8.54267
4.0000E+03 7.43489
4.5000E+03 6.52494
5.0000E+03 5.77187
5.5000E+03 5.1441
6.3000E+03 4.33479
7.1000E+03 3.70735
8.0000E+03 3.15623
9.0000E+03 2.68176
1.0000E+04 2.31175
1.1000E+04 2.01719
1.2000E+04 1.77865
1.4000E+04 1.41525
1.6000E+04 1.15837
1.8000E+04 0.969083
2.0000E+04 0.825223
3.0000E+04 0.397748
4.0000E+04 0.228677
5.0000E+04 0.142514
6.0000E+04 0.0918987
7.0000E+04 0.0593082
8.0000E+04 0.0369302
9.0000E+04 0.0208146
1.0000E+05 0.00877187
