1.0000E+00 3.8043e-11
1.1000E+00 4.59068e-11
1.2000E+00 5.44112e-11
1.4000E+00 7.32487e-11
1.6000E+00 9.43784e-11
1.8000E+00 1.17637e-10
2.0000E+00 1.42883e-10
2.2000E+00 1.69962e-10
2.5000E+00 2.13784e-10
2.8000E+00 2.6111e-10
3.2000E+00 3.29085e-10
3.5000E+00 3.83356e-10
4.0000E+00 4.7934e-10
4.5000E+00 5.81377e-10
5.0000E+00 6.88615e-10
5.5000E+00 8.00336e-10
6.3000E+00 9.86927e-10
7.1000E+00 1.18137e-09
8.0000E+00 1.40735e-09
9.0000E+00 1.66533e-09
1.0000E+01 1.92859e-09
1.1000E+01 2.19524e-09
1.2000E+01 2.46415e-09
1.4000E+01 3.00435e-09
1.6000E+01 3.5428e-09
1.8000E+01 4.07484e-09
2.0000E+01 4.59759e-09
2.2000E+01 5.10903e-09
2.5000E+01 5.8517e-09
2.8000E+01 6.56273e-09
3.2000E+01 7.45938e-09
3.5000E+01 8.09278e-09
4.0000E+01 9.18952e-09
4.5000E+01 1.23706e-08
5.0000E+01 2.06976e-08
5.5000E+01 2.94884e-08
6.3000E+01 4.39525e-08
7.1000E+01 5.94666e-08
8.0000E+01 7.52821e-08
9.0000E+01 9.93245e-08
1.0000E+02 1.27283e-07
1.1000E+02 1.53697e-07
1.2000E+02 1.81191e-07
1.4000E+02 2.33051e-07
1.6000E+02 2.76734e-07
1.8000E+02 3.16864e-07
2.0000E+02 3.52597e-07
2.2000E+02 3.82628e-07
2.5000E+02 4.22104e-07
2.8000E+02 4.53906e-07
3.2000E+02 4.88923e-07
3.5000E+02 5.09383e-07
4.0000E+02 5.33411e-07
4.5000E+02 5.53142e-07
5.0000E+02 5.63869e-07
5.5000E+02 5.70664e-07
6.3000E+02 5.75323e-07
7.1000E+02 5.74457e-07
8.0000E+02 5.69822e-07
9.0000E+02 5.62814e-07
1.0000E+03 5.5274e-07
1.1000E+03 5.39251e-07
1.2000E+03 5.23325e-07
1.4000E+03 4.89225e-07
1.6000E+03 4.51055e-07
1.8000E+03 4.12634e-07
2.0000E+03 3.76549e-07
2.2000E+03 3.4329e-07
2.5000E+03 2.99531e-07
2.8000E+03 2.62881e-07
3.2000E+03 2.23869e-07
3.5000E+03 2.0101e-07
4.0000E+03 1.72424e-07
4.5000E+03 1.46186e-07
5.0000E+03 1.23808e-07
5.5000E+03 1.05185e-07
6.3000E+03 8.1542e-08
7.1000E+03 6.44089e-08
8.0000E+03 5.02764e-08
9.0000E+03 3.88782e-08
1.0000E+04 3.06765e-08
1.1000E+04 2.46113e-08
1.2000E+04 2.00621e-08
1.4000E+04 1.38449e-08
1.6000E+04 9.97691e-09
1.8000E+04 7.44607e-09
2.0000E+04 5.71643e-09
3.0000E+04 2.02794e-09
4.0000E+04 9.60199e-10
5.0000E+04 5.35018e-10
6.0000E+04 3.30918e-10
7.0000E+04 2.20114e-10
8.0000E+04 1.54463e-10
9.0000E+04 1.1295e-10
1.0000E+05 8.53238e-11
