1.0000E+00 0.00381121
1.1000E+00 0.00381121
1.2000E+00 0.00381121
1.4000E+00 0.00381121
1.6000E+00 0.00381121
1.8000E+00 0.00381121
2.0000E+00 0.00381121
2.2000E+00 0.00381121
2.5000E+00 0.00381121
2.8000E+00 0.00381121
3.2000E+00 0.00381121
3.5000E+00 0.00381121
4.0000E+00 0.00381121
4.5000E+00 0.00381121
5.0000E+00 0.00381108
5.5000E+00 0.00381108
6.3000E+00 0.00381108
7.1000E+00 0.00381096
8.0000E+00 0.00381083
9.0000E+00 0.0038107
1.0000E+01 0.00381045
1.1000E+01 0.00381033
1.2000E+01 0.00381008
1.4000E+01 0.00380945
1.6000E+01 0.00380882
1.8000E+01 0.00380807
2.0000E+01 0.00380719
2.2000E+01 0.00380631
2.5000E+01 0.00380455
2.8000E+01 0.00380279
3.2000E+01 0.0037999
3.5000E+01 0.00379764
4.0000E+01 0.00379325
4.5000E+01 0.00378847
5.0000E+01 0.0037832
5.5000E+01 0.00377742
6.3000E+01 0.00376725
7.1000E+01 0.00375607
8.0000E+01 0.00374238
9.0000E+01 0.00372592
1.0000E+02 0.00370847
1.1000E+02 0.00369013
1.2000E+02 0.00367104
1.4000E+02 0.00363122
1.6000E+02 0.00358965
1.8000E+02 0.00354694
2.0000E+02 0.00350349
2.2000E+02 0.00345978
2.5000E+02 0.00339409
2.8000E+02 0.00332878
3.2000E+02 0.00324274
3.5000E+02 0.00317944
4.0000E+02 0.00307682
4.5000E+02 0.0029781
5.0000E+02 0.00288327
5.5000E+02 0.00279246
6.3000E+02 0.00265544
7.1000E+02 0.00252808
8.0000E+02 0.00239569
9.0000E+02 0.00226093
1.0000E+03 0.00213784
1.1000E+03 0.0020253
1.2000E+03 0.00192231
1.4000E+03 0.00174006
1.6000E+03 0.00158507
1.8000E+03 0.00145181
2.0000E+03 0.00133651
2.2000E+03 0.0012357
2.5000E+03 0.00110618
2.8000E+03 0.000997591
3.2000E+03 0.00087709
3.5000E+03 0.000800989
4.0000E+03 0.000693312
4.5000E+03 0.000604764
5.0000E+03 0.000531627
5.5000E+03 0.000470761
6.3000E+03 0.000392701
7.1000E+03 0.000332702
8.0000E+03 0.000280402
9.0000E+03 0.000235739
1.0000E+04 0.000201236
1.1000E+04 0.000174031
1.2000E+04 0.000152202
1.4000E+04 0.0001193
1.6000E+04 9.64018e-05
1.8000E+04 7.97849e-05
2.0000E+04 6.73166e-05
3.0000E+04 3.09931e-05
4.0000E+04 1.72939e-05
5.0000E+04 1.05495e-05
6.0000E+04 6.69197e-06
7.0000E+04 4.26249e-06
8.0000E+04 2.62529e-06
9.0000E+04 1.46525e-06
1.0000E+05 6.10981e-07
