  1.0000E-01   2.5813E+02   9.8714E+02
  1.5000E-01   2.1354E+02   7.9633E+02
  2.0000E-01   1.7850E+02   6.1553E+02
  3.0000E-01   1.3402E+02   3.7363E+02
  4.0000E-01   1.0377E+02   2.4202E+02
  5.0000E-01   8.5617E+01   1.5823E+02
  6.0000E-01   7.2127E+01   1.1122E+02
  7.0000E-01   6.3373E+01   7.9575E+01
  1.0000E+00   4.6671E+01   4.4129E+01
  1.5000E+00   3.4227E+01   1.9941E+01
  2.0000E+00   2.6730E+01   1.2337E+01
  3.0000E+00   1.9707E+01   5.6256E+00
  4.0000E+00   1.5479E+01   3.2380E+00
  5.0000E+00   1.3231E+01   1.9270E+00
  6.0000E+00   1.1625E+01   1.2786E+00
  7.0000E+00   1.0674E+01   8.5732E-01
  1.0000E+01   8.9402E+00   4.4443E-01
  1.5000E+01   7.8308E+00   1.7428E-01
  2.0000E+01   7.1974E+00   1.1325E-01
  3.0000E+01   6.3337E+00   7.6827E-02
  4.0000E+01   5.6608E+00   6.1796E-02
  5.0000E+01   5.0978E+00   5.6032E-02
  6.0000E+01   4.5402E+00   5.4218E-02
  7.0000E+01   4.0134E+00   5.0053E-02
  1.0000E+02   2.7478E+00   3.7198E-02
  1.5000E+02   1.3038E+00   2.1058E-02
  2.0000E+02   6.4193E-01   1.0450E-02
  3.0000E+02   1.5440E-01   3.0369E-03
  4.0000E+02   3.4545E-02   0.0000E+00
