1.0000E+00 0
1.1000E+00 0
1.2000E+00 0
1.4000E+00 0
1.6000E+00 0
1.8000E+00 0
2.0000E+00 0
2.2000E+00 0
2.5000E+00 0
2.8000E+00 0
3.2000E+00 0
3.5000E+00 0
4.0000E+00 0
4.5000E+00 0
5.0000E+00 0
5.5000E+00 0
6.3000E+00 0
7.1000E+00 0
8.0000E+00 0
9.0000E+00 0
1.0000E+01 0
1.1000E+01 0
1.2000E+01 0
1.4000E+01 0
1.6000E+01 0
1.8000E+01 0
2.0000E+01 0
2.2000E+01 0
2.5000E+01 0
2.8000E+01 0
3.2000E+01 0
3.5000E+01 0
4.0000E+01 4.57952e-06
4.5000E+01 0.000261293
5.0000E+01 0.000878576
5.5000E+01 0.00165455
6.3000E+01 0.00290217
7.1000E+01 0.00415022
8.0000E+01 0.00563724
9.0000E+01 0.00722415
1.0000E+02 0.00886774
1.1000E+02 0.0108024
1.2000E+02 0.0130038
1.4000E+02 0.0174825
1.6000E+02 0.0216658
1.8000E+02 0.0252661
2.0000E+02 0.0284864
2.2000E+02 0.0314809
2.5000E+02 0.03551
2.8000E+02 0.0388802
3.2000E+02 0.0422557
3.5000E+02 0.044438
4.0000E+02 0.0469895
4.5000E+02 0.049022
5.0000E+02 0.0501664
5.5000E+02 0.0511327
6.3000E+02 0.0518883
7.1000E+02 0.0520273
8.0000E+02 0.0520132
9.0000E+02 0.0514519
1.0000E+03 0.0504193
1.1000E+03 0.0491099
1.2000E+03 0.0476442
1.4000E+03 0.0442556
1.6000E+03 0.0405826
1.8000E+03 0.0369986
2.0000E+03 0.0336589
2.2000E+03 0.0306058
2.5000E+03 0.0266309
2.8000E+03 0.0233444
3.2000E+03 0.0198624
3.5000E+03 0.0178516
4.0000E+03 0.0152578
4.5000E+03 0.0128877
5.0000E+03 0.0108899
5.5000E+03 0.00923048
6.3000E+03 0.00714283
7.1000E+03 0.00563518
8.0000E+03 0.00439147
9.0000E+03 0.00339325
1.0000E+04 0.00267525
1.1000E+04 0.00214552
1.2000E+04 0.00174836
1.4000E+04 0.00120582
1.6000E+04 0.000868794
1.8000E+04 0.000648335
2.0000E+04 0.00049769
3.0000E+04 0.000176519
4.0000E+04 8.3582e-05
5.0000E+04 4.65715e-05
6.0000E+04 2.88045e-05
7.0000E+04 1.916e-05
8.0000E+04 1.34457e-05
9.0000E+04 9.83187e-06
1.0000E+05 7.42707e-06
