1.0000E+00 336.263
1.1000E+00 336.263
1.2000E+00 336.263
1.4000E+00 336.263
1.6000E+00 336.263
1.8000E+00 336.263
2.0000E+00 336.252
2.2000E+00 336.252
2.5000E+00 336.252
2.8000E+00 336.252
3.2000E+00 336.252
3.5000E+00 336.252
4.0000E+00 336.252
4.5000E+00 336.252
5.0000E+00 336.252
5.5000E+00 336.241
6.3000E+00 336.241
7.1000E+00 336.23
8.0000E+00 336.219
9.0000E+00 336.209
1.0000E+01 336.187
1.1000E+01 336.176
1.2000E+01 336.154
1.4000E+01 336.1
1.6000E+01 336.046
1.8000E+01 335.981
2.0000E+01 335.905
2.2000E+01 335.818
2.5000E+01 335.666
2.8000E+01 335.503
3.2000E+01 335.253
3.5000E+01 335.047
4.0000E+01 334.667
4.5000E+01 334.232
5.0000E+01 333.766
5.5000E+01 333.244
6.3000E+01 332.343
7.1000E+01 331.334
8.0000E+01 330.107
9.0000E+01 328.641
1.0000E+02 327.088
1.1000E+02 325.46
1.2000E+02 323.766
1.4000E+02 320.216
1.6000E+02 316.524
1.8000E+02 312.724
2.0000E+02 308.87
2.2000E+02 304.983
2.5000E+02 299.152
2.8000E+02 293.355
3.2000E+02 285.733
3.5000E+02 280.13
4.0000E+02 271.043
4.5000E+02 262.292
5.0000E+02 253.899
5.5000E+02 245.865
6.3000E+02 233.748
7.1000E+02 222.5
8.0000E+02 210.795
9.0000E+02 198.885
1.0000E+03 188.017
1.1000E+03 178.082
1.2000E+03 168.984
1.4000E+03 152.915
1.6000E+03 139.235
1.8000E+03 127.487
2.0000E+03 117.314
2.2000E+03 108.426
2.5000E+03 97.0115
2.8000E+03 87.4407
3.2000E+03 76.8211
3.5000E+03 70.1091
4.0000E+03 60.6166
4.5000E+03 52.8275
5.0000E+03 46.4075
5.5000E+03 41.0733
6.3000E+03 34.2408
7.1000E+03 28.9967
8.0000E+03 24.429
9.0000E+03 20.5334
1.0000E+04 17.5248
1.1000E+04 15.1536
1.2000E+04 13.2514
1.4000E+04 10.3856
1.6000E+04 8.39175
1.8000E+04 6.94501
2.0000E+04 5.8596
3.0000E+04 2.69762
4.0000E+04 1.50537
5.0000E+04 0.918249
6.0000E+04 0.582486
7.0000E+04 0.371006
8.0000E+04 0.228504
9.0000E+04 0.127541
1.0000E+05 0.0531804
