1.0000E+00 0.00221006
1.1000E+00 0.00221006
1.2000E+00 0.00221006
1.4000E+00 0.00221006
1.6000E+00 0.00221006
1.8000E+00 0.00221006
2.0000E+00 0.00221006
2.2000E+00 0.00221006
2.5000E+00 0.00221006
2.8000E+00 0.00221006
3.2000E+00 0.00221006
3.5000E+00 0.00221006
4.0000E+00 0.00221006
4.5000E+00 0.00221006
5.0000E+00 0.00221006
5.5000E+00 0.00221006
6.3000E+00 0.00221006
7.1000E+00 0.00221006
8.0000E+00 0.00221006
9.0000E+00 0.00221006
1.0000E+01 0.00221006
1.1000E+01 0.00221006
1.2000E+01 0.00221006
1.4000E+01 0.00221006
1.6000E+01 0.00221006
1.8000E+01 0.00221006
2.0000E+01 0.00221006
2.2000E+01 0.00221006
2.5000E+01 0.00220993
2.8000E+01 0.00220993
3.2000E+01 0.00220993
3.5000E+01 0.00220993
4.0000E+01 0.00220981
4.5000E+01 0.00220981
5.0000E+01 0.00220968
5.5000E+01 0.00220956
6.3000E+01 0.00220918
7.1000E+01 0.0022088
8.0000E+01 0.00220805
9.0000E+01 0.00220717
1.0000E+02 0.00220591
1.1000E+02 0.00220428
1.2000E+02 0.0022024
1.4000E+02 0.00219775
1.6000E+02 0.0021921
1.8000E+02 0.00218544
2.0000E+02 0.00217803
2.2000E+02 0.00216974
2.5000E+02 0.0021563
2.8000E+02 0.00214173
3.2000E+02 0.00212076
3.5000E+02 0.00210418
4.0000E+02 0.00207529
4.5000E+02 0.00204527
5.0000E+02 0.00201437
5.5000E+02 0.0019831
6.3000E+02 0.00193273
7.1000E+02 0.00188237
8.0000E+02 0.00182597
9.0000E+02 0.0017643
1.0000E+03 0.00170364
1.1000E+03 0.00164448
1.2000E+03 0.00158708
1.4000E+03 0.00147819
1.6000E+03 0.00137746
1.8000E+03 0.00128539
2.0000E+03 0.00120162
2.2000E+03 0.00112553
2.5000E+03 0.00102405
2.8000E+03 0.000935733
3.2000E+03 0.000834373
3.5000E+03 0.000768358
4.0000E+03 0.000672148
4.5000E+03 0.000590559
5.0000E+03 0.000521805
5.5000E+03 0.000463778
6.3000E+03 0.000388506
7.1000E+03 0.000330064
8.0000E+03 0.000278732
9.0000E+03 0.000234671
1.0000E+04 0.000200508
1.1000E+04 0.000173491
1.2000E+04 0.000151788
1.4000E+04 0.000119025
1.6000E+04 9.61996e-05
1.8000E+04 7.96266e-05
2.0000E+04 6.71872e-05
3.0000E+04 3.09353e-05
4.0000E+04 1.72625e-05
5.0000E+04 1.05303e-05
6.0000E+04 6.67978e-06
7.0000E+04 4.2547e-06
8.0000E+04 2.62039e-06
9.0000E+04 1.46261e-06
1.0000E+05 6.09863e-07
