1.0000E+00 0.000266532
1.1000E+00 0.000320694
1.2000E+00 0.00037912
1.4000E+00 0.000508007
1.6000E+00 0.000651935
1.8000E+00 0.000809732
2.0000E+00 0.000980355
2.2000E+00 0.00116288
2.5000E+00 0.00145708
2.8000E+00 0.00177352
3.2000E+00 0.00222636
3.5000E+00 0.00258654
4.0000E+00 0.00322115
4.5000E+00 0.00389299
5.0000E+00 0.00459641
5.5000E+00 0.00532695
6.3000E+00 0.00654192
7.1000E+00 0.00780258
8.0000E+00 0.00926205
9.0000E+00 0.0109213
1.0000E+01 0.0126066
1.1000E+01 0.0143082
1.2000E+01 0.0160184
1.4000E+01 0.01944
1.6000E+01 0.0228301
1.8000E+01 0.0261649
2.0000E+01 0.0294269
2.2000E+01 0.0326054
2.5000E+01 0.037199
2.8000E+01 0.0415745
3.2000E+01 0.0470601
3.5000E+01 0.0509157
4.0000E+01 0.0568615
4.5000E+01 0.0713975
5.0000E+01 0.103107
5.5000E+01 0.139761
6.3000E+01 0.19249
7.1000E+01 0.25389
8.0000E+01 0.328778
9.0000E+01 0.426119
1.0000E+02 0.540432
1.1000E+02 0.647204
1.2000E+02 0.740681
1.4000E+02 0.923101
1.6000E+02 1.08508
1.8000E+02 1.22279
2.0000E+02 1.34172
2.2000E+02 1.44948
2.5000E+02 1.58014
2.8000E+02 1.68594
3.2000E+02 1.7962
3.5000E+02 1.85632
4.0000E+02 1.93922
4.5000E+02 1.98491
5.0000E+02 2.01323
5.5000E+02 2.03255
6.3000E+02 2.03005
7.1000E+02 2.01757
8.0000E+02 1.99294
9.0000E+02 1.95648
1.0000E+03 1.90808
1.1000E+03 1.84807
1.2000E+03 1.78469
1.4000E+03 1.64883
1.6000E+03 1.50352
1.8000E+03 1.36429
2.0000E+03 1.23494
2.2000E+03 1.11839
2.5000E+03 0.966769
2.8000E+03 0.842049
3.2000E+03 0.710622
3.5000E+03 0.634453
4.0000E+03 0.53913
4.5000E+03 0.453509
5.0000E+03 0.381388
5.5000E+03 0.321996
6.3000E+03 0.247422
7.1000E+03 0.193912
8.0000E+03 0.150189
9.0000E+03 0.115257
1.0000E+04 0.0903144
1.1000E+04 0.0720074
1.2000E+04 0.0583623
1.4000E+04 0.0398664
1.6000E+04 0.0284763
1.8000E+04 0.0210862
2.0000E+04 0.0160748
3.0000E+04 0.00554833
4.0000E+04 0.00257612
5.0000E+04 0.00141356
6.0000E+04 0.000863416
7.0000E+04 0.000568235
8.0000E+04 0.000395105
9.0000E+04 0.000286565
1.0000E+05 0.000214899
