1.0000E+00 4.186e-11
1.1000E+00 5.05352e-11
1.2000E+00 5.99225e-11
1.4000E+00 8.07294e-11
1.6000E+00 1.04085e-10
1.8000E+00 1.29808e-10
2.0000E+00 1.57741e-10
2.2000E+00 1.87734e-10
2.5000E+00 2.36279e-10
2.8000E+00 2.88742e-10
3.2000E+00 3.64152e-10
3.5000E+00 4.2439e-10
4.0000E+00 5.30974e-10
4.5000E+00 6.44353e-10
5.0000E+00 7.63585e-10
5.5000E+00 8.87866e-10
6.3000E+00 1.09555e-09
7.1000E+00 1.31214e-09
8.0000E+00 1.56397e-09
9.0000E+00 1.8516e-09
1.0000E+01 2.14525e-09
1.1000E+01 2.44279e-09
1.2000E+01 2.7431e-09
1.4000E+01 3.34661e-09
1.6000E+01 3.94836e-09
1.8000E+01 4.54333e-09
2.0000E+01 5.12825e-09
2.2000E+01 5.70048e-09
2.5000E+01 6.53208e-09
2.8000E+01 7.32838e-09
3.2000E+01 8.33281e-09
3.5000E+01 9.04257e-09
4.0000E+01 1.02713e-08
4.5000E+01 1.38298e-08
5.0000E+01 2.31443e-08
5.5000E+01 3.29788e-08
6.3000E+01 4.91611e-08
7.1000E+01 6.6519e-08
8.0000E+01 8.42098e-08
9.0000E+01 1.11094e-07
1.0000E+02 1.42355e-07
1.1000E+02 1.71858e-07
1.2000E+02 2.02555e-07
1.4000E+02 2.60406e-07
1.6000E+02 3.09039e-07
1.8000E+02 3.53639e-07
2.0000E+02 3.93254e-07
2.2000E+02 4.26462e-07
2.5000E+02 4.69945e-07
2.8000E+02 5.04786e-07
3.2000E+02 5.42931e-07
3.5000E+02 5.64999e-07
4.0000E+02 5.90534e-07
4.5000E+02 6.11245e-07
5.0000E+02 6.21946e-07
5.5000E+02 6.28301e-07
6.3000E+02 6.31655e-07
7.1000E+02 6.2898e-07
8.0000E+02 6.22072e-07
9.0000E+02 6.12488e-07
1.0000E+03 5.99727e-07
1.1000E+03 5.83412e-07
1.2000E+03 5.64622e-07
1.4000E+03 5.25108e-07
1.6000E+03 4.81827e-07
1.8000E+03 4.38846e-07
2.0000E+03 3.98805e-07
2.2000E+03 3.62168e-07
2.5000E+03 3.14301e-07
2.8000E+03 2.74486e-07
3.2000E+03 2.32335e-07
3.5000E+03 2.07755e-07
4.0000E+03 1.77071e-07
4.5000E+03 1.49276e-07
5.0000E+03 1.25763e-07
5.5000E+03 1.06327e-07
6.3000E+03 8.18523e-08
7.1000E+03 6.42494e-08
8.0000E+03 4.98343e-08
9.0000E+03 3.82917e-08
1.0000E+04 3.0041e-08
1.1000E+04 2.39745e-08
1.2000E+04 1.94504e-08
1.4000E+04 1.33073e-08
1.6000E+04 9.51747e-09
1.8000E+04 7.05583e-09
2.0000E+04 5.38435e-09
3.0000E+04 1.86579e-09
4.0000E+04 8.68763e-10
5.0000E+04 4.77757e-10
6.0000E+04 2.92334e-10
7.0000E+04 1.92683e-10
8.0000E+04 1.34153e-10
9.0000E+04 9.74141e-11
1.0000E+05 7.31293e-11
