1.0000E+00 49873.2
1.1000E+00 49873.2
1.2000E+00 49873.2
1.4000E+00 49873.2
1.6000E+00 49873.2
1.8000E+00 49873.2
2.0000E+00 49873.2
2.2000E+00 49873.2
2.5000E+00 49873.2
2.8000E+00 49873.2
3.2000E+00 49873.2
3.5000E+00 49873.2
4.0000E+00 49873.2
4.5000E+00 49873.2
5.0000E+00 49873.2
5.5000E+00 49873.2
6.3000E+00 49873.2
7.1000E+00 49873.2
8.0000E+00 49873.2
9.0000E+00 49873.2
1.0000E+01 49873.2
1.1000E+01 49873.2
1.2000E+01 49873.2
1.4000E+01 49873.2
1.6000E+01 49873.2
1.8000E+01 49873.2
2.0000E+01 49872.1
2.2000E+01 49872.1
2.5000E+01 49872.1
2.8000E+01 49872.1
3.2000E+01 49872.1
3.5000E+01 49872.1
4.0000E+01 49872.1
4.5000E+01 49871
5.0000E+01 49871
5.5000E+01 49871
6.3000E+01 49870
7.1000E+01 49868.9
8.0000E+01 49867.8
9.0000E+01 49866.7
1.0000E+02 49864.5
1.1000E+02 49863.4
1.2000E+02 49861.3
1.4000E+02 49858
1.6000E+02 49853.7
1.8000E+02 49847.2
2.0000E+02 49832
2.2000E+02 49809.2
2.5000E+02 49761.4
2.8000E+02 49702.8
3.2000E+02 49599.6
3.5000E+02 49501.9
4.0000E+02 49303.2
4.5000E+02 49066.5
5.0000E+02 48796.2
5.5000E+02 48493.2
6.3000E+02 47954.7
7.1000E+02 47366.3
8.0000E+02 46658.4
9.0000E+02 45828.9
1.0000E+03 44970
1.1000E+03 44099.3
1.2000E+03 43228.5
1.4000E+03 41504.4
1.6000E+03 39825.8
1.8000E+03 38212.4
2.0000E+03 36667.4
2.2000E+03 35187.6
2.5000E+03 33085.6
2.8000E+03 31124.7
3.2000E+03 28725.3
3.5000E+03 27082.6
4.0000E+03 24620.1
4.5000E+03 22472.5
5.0000E+03 20599.6
5.5000E+03 18958
6.3000E+03 16718.1
7.1000E+03 14857.2
8.0000E+03 13087.4
9.0000E+03 11425.2
1.0000E+04 10029.8
1.1000E+04 8861.11
1.2000E+04 7878.85
1.4000E+04 6332
1.6000E+04 5199.91
1.8000E+04 4349.45
2.0000E+04 3696.49
3.0000E+04 1750.96
4.0000E+04 988.377
5.0000E+04 606.86
6.0000E+04 386.63
7.0000E+04 247.081
8.0000E+04 152.578
9.0000E+04 85.3561
1.0000E+05 35.6794
