1.0000E+00 1.19462e-13
1.1000E+00 1.49577e-13
1.2000E+00 1.83338e-13
1.4000E+00 2.61926e-13
1.6000E+00 3.55247e-13
1.8000E+00 4.63238e-13
2.0000E+00 5.85748e-13
2.2000E+00 7.22577e-13
2.5000E+00 9.54171e-13
2.8000E+00 1.21657e-12
3.2000E+00 1.6127e-12
3.5000E+00 1.94328e-12
4.0000E+00 2.55496e-12
4.5000E+00 3.23885e-12
5.0000E+00 3.99031e-12
5.5000E+00 4.80558e-12
6.3000E+00 6.23277e-12
7.1000E+00 7.79838e-12
8.0000E+00 9.70888e-12
9.0000E+00 1.19972e-11
1.0000E+01 1.44402e-11
1.1000E+01 1.70188e-11
1.2000E+01 1.97179e-11
1.4000E+01 2.54227e-11
1.6000E+01 3.14553e-11
1.8000E+01 3.7739e-11
2.0000E+01 4.42099e-11
2.2000E+01 5.08152e-11
2.5000E+01 6.08833e-11
2.8000E+01 7.10431e-11
3.2000E+01 8.45753e-11
3.5000E+01 9.46296e-11
4.0000E+01 1.31239e-10
4.5000E+01 2.43852e-10
5.0000E+01 3.72731e-10
5.5000E+01 5.10803e-10
6.3000E+01 7.7185e-10
7.1000E+01 1.02431e-09
8.0000E+01 1.40697e-09
9.0000E+01 1.94341e-09
1.0000E+02 2.48876e-09
1.1000E+02 3.07042e-09
1.2000E+02 3.64705e-09
1.4000E+02 4.77808e-09
1.6000E+02 5.84065e-09
1.8000E+02 6.8496e-09
2.0000E+02 7.74864e-09
2.2000E+02 8.59682e-09
2.5000E+02 9.71064e-09
2.8000E+02 1.067e-08
3.2000E+02 1.18009e-08
3.5000E+02 1.24556e-08
4.0000E+02 1.34128e-08
4.5000E+02 1.41112e-08
5.0000E+02 1.46211e-08
5.5000E+02 1.50067e-08
6.3000E+02 1.53785e-08
7.1000E+02 1.55669e-08
8.0000E+02 1.56686e-08
9.0000E+02 1.56171e-08
1.0000E+03 1.53935e-08
1.1000E+03 1.50419e-08
1.2000E+03 1.46337e-08
1.4000E+03 1.36238e-08
1.6000E+03 1.24811e-08
1.8000E+03 1.1358e-08
2.0000E+03 1.0302e-08
2.2000E+03 9.34037e-09
2.5000E+03 8.08563e-09
2.8000E+03 7.05244e-09
3.2000E+03 5.97278e-09
3.5000E+03 5.38271e-09
4.0000E+03 4.51281e-09
4.5000E+03 3.75079e-09
5.0000E+03 3.12882e-09
5.5000E+03 2.61499e-09
6.3000E+03 1.9934e-09
7.1000E+03 1.55078e-09
8.0000E+03 1.18977e-09
9.0000E+03 9.0692e-10
1.0000E+04 7.05784e-10
1.1000E+04 5.59887e-10
1.2000E+04 4.51545e-10
1.4000E+04 3.05773e-10
1.6000E+04 2.16949e-10
1.8000E+04 1.597e-10
2.0000E+04 1.21085e-10
3.0000E+04 4.09494e-11
4.0000E+04 1.87433e-11
5.0000E+04 1.01713e-11
6.0000E+04 6.15628e-12
7.0000E+04 4.02046e-12
8.0000E+04 2.77689e-12
9.0000E+04 2.00219e-12
1.0000E+05 1.49364e-12
