1.0000E+00 196.073
1.1000E+00 196.073
1.2000E+00 196.073
1.4000E+00 196.073
1.6000E+00 196.073
1.8000E+00 196.073
2.0000E+00 196.073
2.2000E+00 196.073
2.5000E+00 196.073
2.8000E+00 196.073
3.2000E+00 196.073
3.5000E+00 196.073
4.0000E+00 196.073
4.5000E+00 196.073
5.0000E+00 196.073
5.5000E+00 196.073
6.3000E+00 196.073
7.1000E+00 196.073
8.0000E+00 196.073
9.0000E+00 196.073
1.0000E+01 196.073
1.1000E+01 196.073
1.2000E+01 196.073
1.4000E+01 196.073
1.6000E+01 196.073
1.8000E+01 196.073
2.0000E+01 196.073
2.2000E+01 196.073
2.5000E+01 196.073
2.8000E+01 196.073
3.2000E+01 196.073
3.5000E+01 196.073
4.0000E+01 196.073
4.5000E+01 196.073
5.0000E+01 196.073
5.5000E+01 196.062
6.3000E+01 196.051
7.1000E+01 196.018
8.0000E+01 195.964
9.0000E+01 195.888
1.0000E+02 195.801
1.1000E+02 195.693
1.2000E+02 195.562
1.4000E+02 195.215
1.6000E+02 194.781
1.8000E+02 194.26
2.0000E+02 193.662
2.2000E+02 192.989
2.5000E+02 191.871
2.8000E+02 190.633
3.2000E+02 188.82
3.5000E+02 187.387
4.0000E+02 184.846
4.5000E+02 182.197
5.0000E+02 179.461
5.5000E+02 176.671
6.3000E+02 172.132
7.1000E+02 167.583
8.0000E+02 162.458
9.0000E+02 156.823
1.0000E+03 151.286
1.1000E+03 145.89
1.2000E+03 140.668
1.4000E+03 130.777
1.6000E+03 121.689
1.8000E+03 113.427
2.0000E+03 105.922
2.2000E+03 99.1286
2.5000E+03 90.0932
2.8000E+03 82.2455
3.2000E+03 73.248
3.5000E+03 67.3883
4.0000E+03 58.8587
4.5000E+03 51.6506
5.0000E+03 45.5954
5.5000E+03 40.4979
6.3000E+03 33.8977
7.1000E+03 28.7806
8.0000E+03 24.2922
9.0000E+03 20.4455
1.0000E+04 17.464
1.1000E+04 15.1091
1.2000E+04 13.2166
1.4000E+04 10.3628
1.6000E+04 8.37503
1.8000E+04 6.93187
2.0000E+04 5.84874
3.0000E+04 2.69284
4.0000E+04 1.50266
5.0000E+04 0.91662
6.0000E+04 0.581454
7.0000E+04 0.370355
8.0000E+04 0.228102
9.0000E+04 0.127313
1.0000E+05 0.053087
