1.0000E+00 2.41529e-09
1.1000E+00 2.93414e-09
1.2000E+00 3.50123e-09
1.4000E+00 4.77732e-09
1.6000E+00 6.23767e-09
1.8000E+00 7.87625e-09
2.0000E+00 9.68753e-09
2.2000E+00 1.16659e-08
2.5000E+00 1.49351e-08
2.8000E+00 1.85524e-08
3.2000E+00 2.38866e-08
3.5000E+00 2.82537e-08
4.0000E+00 3.61891e-08
4.5000E+00 4.48945e-08
5.0000E+00 5.43182e-08
5.5000E+00 6.44127e-08
6.3000E+00 8.18523e-08
7.1000E+00 1.0074e-07
8.0000E+00 1.2355e-07
9.0000E+00 1.50632e-07
1.0000E+01 1.79344e-07
1.1000E+01 2.09501e-07
1.2000E+01 2.40951e-07
1.4000E+01 3.07192e-07
1.6000E+01 3.77114e-07
1.8000E+01 4.49987e-07
2.0000E+01 5.25171e-07
2.2000E+01 6.02177e-07
2.5000E+01 7.20153e-07
2.8000E+01 8.40101e-07
3.2000E+01 1.00151e-06
3.5000E+01 1.12276e-06
4.0000E+01 1.3237e-06
4.5000E+01 1.52139e-06
5.0000E+01 1.71469e-06
5.5000E+01 1.90246e-06
6.3000E+01 2.19009e-06
7.1000E+01 2.46063e-06
8.0000E+01 2.74361e-06
9.0000E+01 3.03148e-06
1.0000E+02 3.29198e-06
1.1000E+02 3.52647e-06
1.2000E+02 3.73647e-06
1.4000E+02 4.08941e-06
1.6000E+02 4.63213e-06
1.8000E+02 7.54756e-06
2.0000E+02 1.14243e-05
2.2000E+02 1.48949e-05
2.5000E+02 2.05595e-05
2.8000E+02 2.49668e-05
3.2000E+02 3.24023e-05
3.5000E+02 3.9142e-05
4.0000E+02 4.91083e-05
4.5000E+02 5.77421e-05
5.0000E+02 6.53459e-05
5.5000E+02 7.09879e-05
6.3000E+02 7.85728e-05
7.1000E+02 8.35994e-05
8.0000E+02 8.75394e-05
9.0000E+02 8.99535e-05
1.0000E+03 9.14619e-05
1.1000E+03 9.16767e-05
1.2000E+03 9.09834e-05
1.4000E+03 8.89549e-05
1.6000E+03 8.55939e-05
1.8000E+03 8.19213e-05
2.0000E+03 7.82714e-05
2.2000E+03 7.49593e-05
2.5000E+03 7.03435e-05
2.8000E+03 6.57579e-05
3.2000E+03 5.98584e-05
3.5000E+03 5.56546e-05
4.0000E+03 4.89451e-05
4.5000E+03 4.29364e-05
5.0000E+03 3.77315e-05
5.5000E+03 3.3279e-05
6.3000E+03 2.75089e-05
7.1000E+03 2.31405e-05
8.0000E+03 1.95785e-05
9.0000E+03 1.66282e-05
1.0000E+04 1.39818e-05
1.1000E+04 1.17801e-05
1.2000E+04 9.96058e-06
1.4000E+04 7.22451e-06
1.6000E+04 5.39527e-06
1.8000E+04 4.1134e-06
2.0000E+04 3.20406e-06
3.0000E+04 1.16591e-06
4.0000E+04 5.53519e-07
5.0000E+04 3.07733e-07
6.0000E+04 1.89631e-07
7.0000E+04 1.25688e-07
8.0000E+04 8.79087e-08
9.0000E+04 6.40774e-08
1.0000E+05 4.82605e-08
