1.0000E-01  41765760
1.5000E-01  34981632
2.0000E-01  29673216
3.0000E-01  22881312
4.0000E-01  18207072
5.0000E-01  15595200
6.0000E-01  13623552
7.0000E-01  12134016
1.0000E+00  9291456
1.5000E+00  6981984
2.0000E+00  5542992
3.0000E+00  4.07713e+06
4.0000E+00  3.18479e+06
5.0000E+00  2.69369e+06
6.0000E+00  2.34351e+06
7.0000E+00  2.1454e+06
1.0000E+01  1.7909e+06
1.5000E+01  1.55857e+06
2.0000E+01  1.43303e+06
3.0000E+01  1.27803e+06
4.0000E+01  1.15932e+06
5.0000E+01  1057968
6.0000E+01  946253
7.0000E+01  842607
1.0000E+02  588669
1.5000E+02  307515
2.0000E+02  165542
3.0000E+02  47838
4.0000E+02  14039.1
