16 0.000302833
17.6 0.000365426
19.2 0.000433121
22.4 0.000583072
25.6 0.000751274
28.8 0.000936413
32 0.00113731
35.2 0.00135293
40 0.00170178
44.8 0.00207842
51.2 0.00261955
56 0.00305157
64 0.0038156
72 0.00462783
80 0.00548144
88 0.00637087
100.8 0.00785616
113.6 0.00940387
128 0.0112026
144 0.0132568
160 0.0153512
176 0.0174749
192 0.0196149
224 0.0239155
256 0.0282009
288 0.0324363
320 0.0365979
352 0.0406684
400 0.0465813
448 0.0522412
512 0.0593777
560 0.0644199
640 0.0723088
720 0.0804019
800 0.088457
880 0.0960191
1008 0.107328
1136 0.117183
1280 0.126575
1440 0.135402
1600 0.142698
1760 0.148854
1920 0.154283
2240 0.162654
2560 0.168256
2880 0.171861
3200 0.173902
3520 0.174608
4000 0.174456
4480 0.172881
5120 0.169765
5600 0.16678
6400 0.16134
7200 0.155227
8000 0.148832
8800 0.142579
10080 0.132926
11360 0.123752
12800 0.114078
14400 0.104407
16000 0.095651
17600 0.0876785
19200 0.0806657
22400 0.0686966
25600 0.0590357
28800 0.0511305
32000 0.0447138
35200 0.039359
40000 0.032951
44800 0.0279891
51200 0.0230067
56000 0.0201871
64000 0.0166573
72000 0.0137606
80000 0.0114502
88000 0.00960191
100800 0.00734684
113600 0.00574994
128000 0.00445433
144000 0.00342842
160000 0.00269555
176000 0.00215811
192000 0.00175639
224000 0.00120983
256000 0.000871117
288000 0.000649779
320000 0.000498667
480000 0.000176834
640000 8.37308e-05
800000 4.6654e-05
960000 2.88556e-05
1120000 1.91936e-05
1280000 1.34696e-05
1440000 9.84935e-06
1600000 7.44032e-06
