1.0000E+00 4.64727e-05
1.1000E+00 5.58448e-05
1.2000E+00 6.59334e-05
1.4000E+00 8.81356e-05
1.6000E+00 0.000112851
1.8000E+00 0.000139864
2.0000E+00 0.000168995
2.2000E+00 0.000200068
2.5000E+00 0.000250012
2.8000E+00 0.00030355
3.2000E+00 0.000379866
3.5000E+00 0.000440374
4.0000E+00 0.000546591
4.5000E+00 0.000658574
5.0000E+00 0.000775388
5.5000E+00 0.000896252
6.3000E+00 0.00109648
7.1000E+00 0.00130321
8.0000E+00 0.00154142
9.0000E+00 0.00181101
1.0000E+01 0.00208363
1.1000E+01 0.00235778
1.2000E+01 0.00263225
1.4000E+01 0.00317838
1.6000E+01 0.00371625
1.8000E+01 0.0042424
2.0000E+01 0.00475443
2.2000E+01 0.00525083
2.5000E+01 0.00596459
2.8000E+01 0.00664035
3.2000E+01 0.00748234
3.5000E+01 0.00807537
4.0000E+01 0.00907978
4.5000E+01 0.0100784
5.0000E+01 0.0109898
5.5000E+01 0.011815
6.3000E+01 0.0130538
7.1000E+01 0.0141352
8.0000E+01 0.0151634
9.0000E+01 0.0161232
1.0000E+02 0.0169537
1.1000E+02 0.0176291
1.2000E+02 0.0181719
1.4000E+02 0.018971
1.6000E+02 0.0194813
1.8000E+02 0.0197777
2.0000E+02 0.0199471
2.2000E+02 0.0200101
2.5000E+02 0.0199406
2.8000E+02 0.0197083
3.2000E+02 0.0192805
3.5000E+02 0.0189254
4.0000E+02 0.0182621
4.5000E+02 0.0175672
5.0000E+02 0.0168452
5.5000E+02 0.0161362
6.3000E+02 0.0150363
7.1000E+02 0.0139919
8.0000E+02 0.0129213
9.0000E+02 0.0118291
1.0000E+03 0.0108424
1.1000E+03 0.00996313
1.2000E+03 0.00917598
1.4000E+03 0.00783879
1.6000E+03 0.00675674
1.8000E+03 0.00587827
2.0000E+03 0.00515724
2.2000E+03 0.00455932
2.5000E+03 0.0038422
2.8000E+03 0.00328891
3.2000E+03 0.00274333
3.5000E+03 0.00243563
4.0000E+03 0.00199536
4.5000E+03 0.00164489
5.0000E+03 0.00136716
5.5000E+03 0.00114415
6.3000E+03 0.000879
7.1000E+03 0.000689604
8.0000E+03 0.000535169
9.0000E+03 0.000413665
1.0000E+04 0.00032648
1.1000E+04 0.000262585
1.2000E+04 0.000214465
1.4000E+04 0.000148919
1.6000E+04 0.000108062
1.8000E+04 8.11695e-05
2.0000E+04 6.2687e-05
3.0000E+04 2.2808e-05
4.0000E+04 1.10072e-05
5.0000E+04 6.22517e-06
6.0000E+04 3.898e-06
7.0000E+04 2.62009e-06
8.0000E+04 1.85552e-06
9.0000E+04 1.3677e-06
1.0000E+05 1.04071e-06
