1.0000E-01 2782224
1.5000E-01 2243808
2.0000E-01 1742832
3.0000E-01 1.0801e+06
4.0000E-01 697421
5.0000E-01 450922
6.0000E-01 330739
7.0000E-01 249768
1.0000E+00 141647
1.5000E+00 65096.6
2.0000E+00 40220.6
3.0000E+00 18210.2
4.0000E+00 10395.5
5.0000E+00 6152.83
6.0000E+00 4064.69
7.0000E+00 2709.5
1.0000E+01 1399.95
1.5000E+01 566.107
2.0000E+01 356.717
3.0000E+01 226.742
4.0000E+01 182.808
5.0000E+01 174.946
6.0000E+01 173.808
7.0000E+01 158.155
1.0000E+02 118.669
1.5000E+02 68.2934
2.0000E+02 36.5861
3.0000E+02 11.9799
4.0000E+02 0
