1.0000E+00 47331.5
1.1000E+00 47331.5
1.2000E+00 47331.5
1.4000E+00 47331.5
1.6000E+00 47331.5
1.8000E+00 47331.5
2.0000E+00 47331.5
2.2000E+00 47331.5
2.5000E+00 47331.5
2.8000E+00 47331.5
3.2000E+00 47331.5
3.5000E+00 47331.5
4.0000E+00 47331.5
4.5000E+00 47331.5
5.0000E+00 47331.5
5.5000E+00 47331.5
6.3000E+00 47331.5
7.1000E+00 47331.5
8.0000E+00 47331.5
9.0000E+00 47331.5
1.0000E+01 47331.5
1.1000E+01 47331.5
1.2000E+01 47331.5
1.4000E+01 47331.5
1.6000E+01 47331.5
1.8000E+01 47331.5
2.0000E+01 47331.5
2.2000E+01 47331.5
2.5000E+01 47331.5
2.8000E+01 47331.5
3.2000E+01 47331.5
3.5000E+01 47331.5
4.0000E+01 47331.5
4.5000E+01 47331.5
5.0000E+01 47331.5
5.5000E+01 47331.5
6.3000E+01 47331.5
7.1000E+01 47331.5
8.0000E+01 47331.5
9.0000E+01 47331.5
1.0000E+02 47331.5
1.1000E+02 47331.5
1.2000E+02 47331.5
1.4000E+02 47331.5
1.6000E+02 47331.5
1.8000E+02 47328.2
2.0000E+02 47319.6
2.2000E+02 47304.4
2.5000E+02 47268.5
2.8000E+02 47219.7
3.2000E+02 47136.1
3.5000E+02 47059
4.0000E+02 46903.7
4.5000E+02 46710.5
5.0000E+02 46480.3
5.5000E+02 46215.4
6.3000E+02 45739.8
7.1000E+02 45213.2
8.0000E+02 44571.6
9.0000E+02 43817
1.0000E+03 43034.2
1.1000E+03 42237.2
1.2000E+03 41434.9
1.4000E+03 39842.1
1.6000E+03 38283
1.8000E+03 36773.8
2.0000E+03 35323.3
2.2000E+03 33927
2.5000E+03 31936.9
2.8000E+03 30074.8
3.2000E+03 27789.4
3.5000E+03 26219.4
4.0000E+03 23862.3
4.5000E+03 21801.5
5.0000E+03 19999.2
5.5000E+03 18417.3
6.3000E+03 16255.6
7.1000E+03 14457.6
8.0000E+03 12750.9
9.0000E+03 11145.1
1.0000E+04 9794.41
1.1000E+04 8660.47
1.2000E+04 7705.67
1.4000E+04 6199.44
1.6000E+04 5095.13
1.8000E+04 4264.33
2.0000E+04 3625.7
3.0000E+04 1720.35
4.0000E+04 971.732
5.0000E+04 596.839
6.0000E+04 380.376
7.0000E+04 243.129
8.0000E+04 150.168
9.0000E+04 84.0185
1.0000E+05 35.1257
