1.0000E+00 0.0035791
1.1000E+00 0.0035791
1.2000E+00 0.0035791
1.4000E+00 0.0035791
1.6000E+00 0.0035791
1.8000E+00 0.0035791
2.0000E+00 0.0035791
2.2000E+00 0.0035791
2.5000E+00 0.0035791
2.8000E+00 0.0035791
3.2000E+00 0.0035791
3.5000E+00 0.0035791
4.0000E+00 0.0035791
4.5000E+00 0.0035791
5.0000E+00 0.00357897
5.5000E+00 0.00357897
6.3000E+00 0.00357897
7.1000E+00 0.00357885
8.0000E+00 0.00357872
9.0000E+00 0.0035786
1.0000E+01 0.00357847
1.1000E+01 0.00357822
1.2000E+01 0.00357809
1.4000E+01 0.00357759
1.6000E+01 0.00357696
1.8000E+01 0.00357633
2.0000E+01 0.00357546
2.2000E+01 0.00357458
2.5000E+01 0.00357319
2.8000E+01 0.00357144
3.2000E+01 0.00356892
3.5000E+01 0.00356691
4.0000E+01 0.00356302
4.5000E+01 0.00355875
5.0000E+01 0.00355398
5.5000E+01 0.00354883
6.3000E+01 0.00353978
7.1000E+01 0.00352974
8.0000E+01 0.00351743
9.0000E+01 0.00350286
1.0000E+02 0.00348716
1.1000E+02 0.00347083
1.2000E+02 0.00345375
1.4000E+02 0.00341808
1.6000E+02 0.0033809
1.8000E+02 0.00334259
2.0000E+02 0.00330366
2.2000E+02 0.00326447
2.5000E+02 0.00320556
2.8000E+02 0.00314678
3.2000E+02 0.00306941
3.5000E+02 0.00301239
4.0000E+02 0.00291982
4.5000E+02 0.00283052
5.0000E+02 0.00274461
5.5000E+02 0.00266222
6.3000E+02 0.00253762
7.1000E+02 0.00242144
8.0000E+02 0.00230036
9.0000E+02 0.00217677
1.0000E+03 0.00206348
1.1000E+03 0.00195961
1.2000E+03 0.00186428
1.4000E+03 0.00169497
1.6000E+03 0.00155016
1.8000E+03 0.00142531
2.0000E+03 0.00131654
2.2000E+03 0.00122122
2.5000E+03 0.00109817
2.8000E+03 0.000994438
3.2000E+03 0.000878723
3.5000E+03 0.000805247
4.0000E+03 0.00070076
4.5000E+03 0.000614322
5.0000E+03 0.000542517
5.5000E+03 0.000482467
6.3000E+03 0.00040501
7.1000E+03 0.000345086
8.0000E+03 0.000292497
9.0000E+03 0.000247319
1.0000E+04 0.000212201
1.1000E+04 0.000184356
1.2000E+04 0.000161898
1.4000E+04 0.000127836
1.6000E+04 0.000103942
1.8000E+04 8.64731e-05
2.0000E+04 7.32813e-05
3.0000E+04 3.4481e-05
4.0000E+04 1.95132e-05
5.0000E+04 1.20232e-05
6.0000E+04 7.68559e-06
7.0000E+04 4.9254e-06
8.0000E+04 3.04919e-06
9.0000E+04 1.70954e-06
1.0000E+05 7.16422e-07
