16 0
17.6 0
19.2 0
22.4 0
25.6 0
28.8 0
32 0
35.2 0
40 0
44.8 0
51.2 0
56 0
64 0
72 0
80 0
88 0
100.8 0
113.6 0
128 0
144 0
160 0
176 0
192 0
224 0
256 0
288 0
320 0
352 0
400 0
448 0
512 0
560 0
640 4.57952e-06
720 0.000261293
800 0.000878576
880 0.00165455
1008 0.00290217
1136 0.00415022
1280 0.00563724
1440 0.00722415
1600 0.00886774
1760 0.0108024
1920 0.0130038
2240 0.0174825
2560 0.0216658
2880 0.0252661
3200 0.0284864
3520 0.0314809
4000 0.03551
4480 0.0388802
5120 0.0422557
5600 0.044438
6400 0.0469895
7200 0.049022
8000 0.0501664
8800 0.0511327
10080 0.0518883
11360 0.0520273
12800 0.0520132
14400 0.0514519
16000 0.0504193
17600 0.0491099
19200 0.0476442
22400 0.0442556
25600 0.0405826
28800 0.0369986
32000 0.0336589
35200 0.0306058
40000 0.0266309
44800 0.0233444
51200 0.0198624
56000 0.0178516
64000 0.0152578
72000 0.0128877
80000 0.0108899
88000 0.00923048
100800 0.00714283
113600 0.00563518
128000 0.00439147
144000 0.00339325
160000 0.00267525
176000 0.00214552
192000 0.00174836
224000 0.00120582
256000 0.000868794
288000 0.000648335
320000 0.00049769
480000 0.000176519
640000 8.3582e-05
800000 4.65715e-05
960000 2.88045e-05
1120000 1.916e-05
1280000 1.34457e-05
1440000 9.83187e-06
1600000 7.42707e-06
