1.0000E+00 3.41594e-09
1.1000E+00 4.12207e-09
1.2000E+00 4.88559e-09
1.4000E+00 6.57704e-09
1.6000E+00 8.47436e-09
1.8000E+00 1.05628e-08
2.0000E+00 1.28288e-08
2.2000E+00 1.52617e-08
2.5000E+00 1.91954e-08
2.8000E+00 2.34445e-08
3.2000E+00 2.95487e-08
3.5000E+00 3.44219e-08
4.0000E+00 4.30406e-08
4.5000E+00 5.22019e-08
5.0000E+00 6.18316e-08
5.5000E+00 7.18633e-08
6.3000E+00 8.86171e-08
7.1000E+00 1.06075e-07
8.0000E+00 1.26366e-07
9.0000E+00 1.49539e-07
1.0000E+01 1.73165e-07
1.1000E+01 1.97117e-07
1.2000E+01 2.21257e-07
1.4000E+01 2.69764e-07
1.6000E+01 3.18107e-07
1.8000E+01 3.65885e-07
2.0000E+01 4.12822e-07
2.2000E+01 4.58741e-07
2.5000E+01 5.25435e-07
2.8000E+01 5.89278e-07
3.2000E+01 6.69787e-07
3.5000E+01 7.26659e-07
4.0000E+01 8.14993e-07
4.5000E+01 9.03114e-07
5.0000E+01 9.9391e-07
5.5000E+01 1.07556e-06
6.3000E+01 1.19511e-06
7.1000E+01 1.30838e-06
8.0000E+01 1.41514e-06
9.0000E+01 1.517e-06
1.0000E+02 1.60441e-06
1.1000E+02 1.67488e-06
1.2000E+02 1.73353e-06
1.4000E+02 1.82861e-06
1.6000E+02 1.89405e-06
1.8000E+02 1.93575e-06
2.0000E+02 1.95522e-06
2.2000E+02 1.96501e-06
2.5000E+02 1.96401e-06
2.8000E+02 1.95157e-06
3.2000E+02 1.91879e-06
3.5000E+02 1.88387e-06
4.0000E+02 1.81944e-06
4.5000E+02 1.75199e-06
5.0000E+02 1.68279e-06
5.5000E+02 1.61296e-06
6.3000E+02 1.50343e-06
7.1000E+02 1.39994e-06
8.0000E+02 1.29092e-06
9.0000E+02 1.1818e-06
1.0000E+03 1.08333e-06
1.1000E+03 9.93772e-07
1.2000E+03 9.13903e-07
1.4000E+03 7.78682e-07
1.6000E+03 6.69234e-07
1.8000E+03 5.79996e-07
2.0000E+03 5.06947e-07
2.2000E+03 4.46508e-07
2.5000E+03 3.73886e-07
2.8000E+03 3.17642e-07
3.2000E+03 2.60972e-07
3.5000E+03 2.28806e-07
4.0000E+03 1.89128e-07
4.5000E+03 1.56648e-07
5.0000E+03 1.30549e-07
5.5000E+03 1.09645e-07
6.3000E+03 8.40088e-08
7.1000E+03 6.58081e-08
8.0000E+03 5.10451e-08
9.0000E+03 3.93078e-08
1.0000E+04 3.09265e-08
1.1000E+04 2.47671e-08
1.2000E+04 2.01613e-08
1.4000E+04 1.38939e-08
1.6000E+04 1.0005e-08
1.8000E+04 7.46365e-09
2.0000E+04 5.72836e-09
3.0000E+04 2.03158e-09
4.0000E+04 9.61958e-10
5.0000E+04 5.35998e-10
6.0000E+04 3.31521e-10
7.0000E+04 2.20516e-10
8.0000E+04 1.54752e-10
9.0000E+04 1.13157e-10
1.0000E+05 8.54796e-11
