1.0000E-01   168220800
1.5000E-01   135077760
2.0000E-01   105209280
3.0000E-01   66035520
4.0000E-01   42230592
5.0000E-01   27195264
6.0000E-01   19514304
7.0000E-01   14407200
1.0000E+00   8.50772e+06
1.5000E+00   3.92057e+06
2.0000E+00   2446848
3.0000E+00   1.12156e+06
4.0000E+00   633277
5.0000E+00   367831
6.0000E+00   242093
7.0000E+00   162354
1.0000E+01   82066.2
1.5000E+01   32519.2
2.0000E+01   20093.2
3.0000E+01   12658.5
4.0000E+01   9797.76
5.0000E+01   9658.66
6.0000E+01   9818.5
7.0000E+01   8875.01
1.0000E+02   6636.3
1.5000E+02   3811.45
2.0000E+02   2024.96
3.0000E+02   657.132
4.0000E+02   0
