1.0000E+00 12018
1.1000E+00 12018
1.2000E+00 12018
1.4000E+00 12018
1.6000E+00 12018
1.8000E+00 12018
2.0000E+00 12018
2.2000E+00 12018
2.5000E+00 12018
2.8000E+00 12018
3.2000E+00 12018
3.5000E+00 12018
4.0000E+00 12018
4.5000E+00 12018
5.0000E+00 12018
5.5000E+00 12018
6.3000E+00 12016.9
7.1000E+00 12016.9
8.0000E+00 12016.9
9.0000E+00 12015.8
1.0000E+01 12015.8
1.1000E+01 12014.7
1.2000E+01 12013.7
1.4000E+01 12011.5
1.6000E+01 12009.3
1.8000E+01 12007.1
2.0000E+01 12003.9
2.2000E+01 12000.6
2.5000E+01 11994.1
2.8000E+01 11987.6
3.2000E+01 11977.8
3.5000E+01 11970.2
4.0000E+01 11955
4.5000E+01 11938.7
5.0000E+01 11920.3
5.5000E+01 11900.7
6.3000E+01 11866
7.1000E+01 11826.9
8.0000E+01 11780.2
9.0000E+01 11724.8
1.0000E+02 11666.2
1.1000E+02 11604.3
1.2000E+02 11541.4
1.4000E+02 11408.9
1.6000E+02 11271
1.8000E+02 11129.9
2.0000E+02 10986.5
2.2000E+02 10843.2
2.5000E+02 10628.5
2.8000E+02 10415.8
3.2000E+02 10137.2
3.5000E+02 9932.73
4.0000E+02 9602.02
4.5000E+02 9284.44
5.0000E+02 8980.76
5.5000E+02 8690.87
6.3000E+02 8254.4
7.1000E+02 7849.86
8.0000E+02 7430.33
9.0000E+02 7004.29
1.0000E+03 6616.14
1.1000E+03 6262.08
1.2000E+03 5938.32
1.4000E+03 5367
1.6000E+03 4881.9
1.8000E+03 4466.06
2.0000E+03 4106.36
2.2000E+03 3792.58
2.5000E+03 3389.99
2.8000E+03 3052.98
3.2000E+03 2679.48
3.5000E+03 2443.77
4.0000E+03 2110.67
4.5000E+03 1837.71
5.0000E+03 1613.08
5.5000E+03 1426.55
6.3000E+03 1187.9
7.1000E+03 1004.97
8.0000E+03 845.798
9.0000E+03 710.211
1.0000E+04 605.634
1.1000E+04 523.281
1.2000E+04 457.257
1.4000E+04 357.923
1.6000E+04 288.903
1.8000E+04 238.894
2.0000E+04 201.404
3.0000E+04 92.383
4.0000E+04 51.4302
5.0000E+04 31.3191
6.0000E+04 19.8418
7.0000E+04 12.6249
8.0000E+04 7.76897
9.0000E+04 4.33295
1.0000E+05 1.80525
