1.0000E+00 0
1.1000E+00 0
1.2000E+00 0
1.4000E+00 0
1.6000E+00 0
1.8000E+00 0
2.0000E+00 0
2.2000E+00 0
2.5000E+00 0
2.8000E+00 0
3.2000E+00 0
3.5000E+00 0
4.0000E+00 0
4.5000E+00 0
5.0000E+00 0
5.5000E+00 0
6.3000E+00 0
7.1000E+00 0
8.0000E+00 0
9.0000E+00 0
1.0000E+01 0
1.1000E+01 0
1.2000E+01 0
1.4000E+01 0
1.6000E+01 0
1.8000E+01 0
2.0000E+01 0
2.2000E+01 0
2.5000E+01 0
2.8000E+01 0
3.2000E+01 0
3.5000E+01 0
4.0000E+01 0.000198983
4.5000E+01 0.0113112
5.0000E+01 0.0379095
5.5000E+01 0.0711807
6.3000E+01 0.124317
7.1000E+01 0.177105
8.0000E+01 0.239654
9.0000E+01 0.30596
1.0000E+02 0.374285
1.1000E+02 0.454532
1.2000E+02 0.545592
1.4000E+02 0.729766
1.6000E+02 0.900324
1.8000E+02 1.04576
2.0000E+02 1.17476
2.2000E+02 1.29398
2.5000E+02 1.45304
2.8000E+02 1.58441
3.2000E+02 1.71361
3.5000E+02 1.79613
4.0000E+02 1.88961
4.5000E+02 1.96246
5.0000E+02 1.99992
5.5000E+02 2.03065
6.3000E+02 2.04922
7.1000E+02 2.04444
8.0000E+02 2.03336
9.0000E+02 2.00101
1.0000E+03 1.95161
1.1000E+03 1.89254
1.2000E+03 1.8287
1.4000E+03 1.68604
1.6000E+03 1.53588
1.8000E+03 1.39191
2.0000E+03 1.25945
2.2000E+03 1.13948
2.5000E+03 0.984674
2.8000E+03 0.857774
3.2000E+03 0.724391
3.5000E+03 0.647749
4.0000E+03 0.549382
4.5000E+03 0.460807
5.0000E+03 0.386945
5.5000E+03 0.326079
6.3000E+03 0.25024
7.1000E+03 0.195953
8.0000E+03 0.151569
9.0000E+03 0.116239
1.0000E+04 0.0910269
1.1000E+04 0.0725542
1.2000E+04 0.0587903
1.4000E+04 0.0401385
1.6000E+04 0.0286666
1.8000E+04 0.021225
2.0000E+04 0.0161796
3.0000E+04 0.00558361
4.0000E+04 0.00259252
5.0000E+04 0.00142253
6.0000E+04 0.000868902
7.0000E+04 0.000571845
8.0000E+04 0.000397618
9.0000E+04 0.000288382
1.0000E+05 0.000216257
