1.0000E-01 2.4341E+02
1.5000E-01 2.0363E+02
2.0000E-01 1.7213E+02
3.0000E-01 1.3189E+02
4.0000E-01 1.0364E+02
5.0000E-01 8.6595E+01
6.0000E-01 7.3646E+01
7.0000E-01 6.5195E+01
1.0000E+00 4.7980E+01
1.5000E+00 3.4619E+01
2.0000E+00 2.6592E+01
3.0000E+00 1.9294E+01
4.0000E+00 1.4964E+01
5.0000E+00 1.2757E+01
6.0000E+00 1.1186E+01
7.0000E+00 1.0245E+01
1.0000E+01 8.5521E+00
1.5000E+01 7.4776E+00
2.0000E+01 6.8633E+00
3.0000E+01 6.0354E+00
4.0000E+01 5.3904E+00
5.0000E+01 4.8518E+00
6.0000E+01 4.3238E+00
7.0000E+01 3.8235E+00
1.0000E+02 2.6080E+00
1.5000E+02 1.2287E+00
2.0000E+02 5.9846E-01
3.0000E+02 1.4063E-01
4.0000E+02 3.0176E-02
