1.0000E+00 36.1474
1.1000E+00 36.1474
1.2000E+00 36.1474
1.4000E+00 36.1474
1.6000E+00 36.1474
1.8000E+00 36.1474
2.0000E+00 36.1474
2.2000E+00 36.1474
2.5000E+00 36.1474
2.8000E+00 36.1474
3.2000E+00 36.1474
3.5000E+00 36.1474
4.0000E+00 36.1474
4.5000E+00 36.1474
5.0000E+00 36.1463
5.5000E+00 36.1463
6.3000E+00 36.1452
7.1000E+00 36.1441
8.0000E+00 36.143
9.0000E+00 36.1419
1.0000E+01 36.1398
1.1000E+01 36.1376
1.2000E+01 36.1354
1.4000E+01 36.1289
1.6000E+01 36.1224
1.8000E+01 36.1148
2.0000E+01 36.1061
2.2000E+01 36.0963
2.5000E+01 36.08
2.8000E+01 36.0616
3.2000E+01 36.0334
3.5000E+01 36.0106
4.0000E+01 35.9693
4.5000E+01 35.9226
5.0000E+01 35.8705
5.5000E+01 35.814
6.3000E+01 35.7152
7.1000E+01 35.6077
8.0000E+01 35.4775
9.0000E+01 35.3233
1.0000E+02 35.1604
1.1000E+02 34.991
1.2000E+02 34.8141
1.4000E+02 34.4482
1.6000E+02 34.0693
1.8000E+02 33.6806
2.0000E+02 33.2886
2.2000E+02 32.8945
2.5000E+02 32.3039
2.8000E+02 31.7186
3.2000E+02 30.9499
3.5000E+02 30.3843
4.0000E+02 29.4668
4.5000E+02 28.583
5.0000E+02 27.7351
5.5000E+02 26.923
6.3000E+02 25.6928
7.1000E+02 24.5485
8.0000E+02 23.3541
9.0000E+02 22.1338
1.0000E+03 21.0166
1.1000E+03 19.9916
1.2000E+03 19.047
1.4000E+03 17.3696
1.6000E+03 15.9321
1.8000E+03 14.6867
2.0000E+03 13.5999
2.2000E+03 12.6423
2.5000E+03 11.4024
2.8000E+03 10.35
3.2000E+03 9.16566
3.5000E+03 8.40445
4.0000E+03 7.31807
4.5000E+03 6.42451
5.0000E+03 5.68458
5.5000E+03 5.06723
6.3000E+03 4.27117
7.1000E+03 3.65371
8.0000E+03 3.11106
9.0000E+03 2.64376
1.0000E+04 2.27907
1.1000E+04 1.98885
1.2000E+04 1.75379
1.4000E+04 1.39549
1.6000E+04 1.14219
1.8000E+04 0.955577
2.0000E+04 0.813736
3.0000E+04 0.392222
4.0000E+04 0.225496
5.0000E+04 0.140537
6.0000E+04 0.0906208
7.0000E+04 0.0584842
8.0000E+04 0.0364166
9.0000E+04 0.0205247
1.0000E+05 0.00864994
