1.0000E+00 0
1.1000E+00 0
1.2000E+00 0
1.4000E+00 0
1.6000E+00 0
1.8000E+00 0
2.0000E+00 0
2.2000E+00 0
2.5000E+00 0
2.8000E+00 0
3.2000E+00 0
3.5000E+00 0
4.0000E+00 0
4.5000E+00 0
5.0000E+00 0
5.5000E+00 0
6.3000E+00 0
7.1000E+00 0
8.0000E+00 0
9.0000E+00 0
1.0000E+01 0
1.1000E+01 0
1.2000E+01 0
1.4000E+01 0
1.6000E+01 0
1.8000E+01 0
2.0000E+01 0
2.2000E+01 0
2.5000E+01 0
2.8000E+01 0
3.2000E+01 0
3.5000E+01 7.41339e-07
4.0000E+01 3.84187e-05
4.5000E+01 0.000122395
5.0000E+01 0.000221284
5.5000E+01 0.000317273
6.3000E+01 0.000474053
7.1000E+01 0.000638727
8.0000E+01 0.000817515
9.0000E+01 0.00103487
1.0000E+02 0.00129604
1.1000E+02 0.00157551
1.2000E+02 0.00186214
1.4000E+02 0.00240219
1.6000E+02 0.00286265
1.8000E+02 0.00328326
2.0000E+02 0.0036561
2.2000E+02 0.0040119
2.5000E+02 0.00445542
2.8000E+02 0.00479743
3.2000E+02 0.00518015
3.5000E+02 0.00539393
4.0000E+02 0.00569696
4.5000E+02 0.00587675
5.0000E+02 0.00603484
5.5000E+02 0.00612941
6.3000E+02 0.00620204
7.1000E+02 0.00624884
8.0000E+02 0.00623505
9.0000E+02 0.00614873
1.0000E+03 0.0060154
1.1000E+03 0.00585341
1.2000E+03 0.00566297
1.4000E+03 0.00522575
1.6000E+03 0.00477354
1.8000E+03 0.00434283
2.0000E+03 0.00394578
2.2000E+03 0.00358944
2.5000E+03 0.00313234
2.8000E+03 0.00275853
3.2000E+03 0.00237439
3.5000E+03 0.00216181
4.0000E+03 0.00182403
4.5000E+03 0.00153165
5.0000E+03 0.0012905
5.5000E+03 0.00108943
6.3000E+03 0.000845396
7.1000E+03 0.000668118
8.0000E+03 0.000521022
9.0000E+03 0.00040423
1.0000E+04 0.000319716
1.1000E+04 0.000257558
1.2000E+04 0.000210622
1.4000E+04 0.00014639
1.6000E+04 0.000106289
1.8000E+04 7.98688e-05
2.0000E+04 6.16969e-05
3.0000E+04 2.24508e-05
4.0000E+04 1.08345e-05
5.0000E+04 6.12778e-06
6.0000E+04 3.83699e-06
7.0000E+04 2.57905e-06
8.0000E+04 1.82642e-06
9.0000E+04 1.34631e-06
1.0000E+05 1.02441e-06
