56 4.53392e-05
61.6 5.44822e-05
67.2 6.43243e-05
78.4 8.59847e-05
89.6 0.000110093
100.8 0.000136444
112 0.000164869
123.2 0.000195182
140 0.00024391
156.8 0.000296145
179.2 0.000370594
196 0.000429625
224 0.000533248
252 0.000642494
280 0.000756464
308 0.000874375
352.8 0.00106969
397.6 0.0012714
448 0.00150385
504 0.00176671
560 0.00203271
616 0.00230024
672 0.00256798
784 0.00310086
896 0.00362559
1008 0.00413882
1120 0.00463837
1232 0.00512271
1400 0.0058191
1568 0.00647836
1792 0.00729972
1960 0.00788308
2240 0.00889401
2520 0.00988789
2800 0.0108244
3080 0.0116966
3528 0.0129354
3976 0.0139756
4480 0.0149712
5040 0.0158865
5600 0.0166747
6160 0.0173381
6720 0.0178951
7840 0.0187126
8960 0.0192414
10080 0.0195421
11200 0.0196855
12320 0.0197278
14000 0.0196246
15680 0.0194216
17920 0.0190221
19600 0.0186811
22400 0.0180243
25200 0.0173109
28000 0.016602
30800 0.0159071
35280 0.0148279
39760 0.0137986
44800 0.0127378
50400 0.011664
56000 0.0106831
61600 0.00982231
67200 0.00904971
78400 0.00772543
89600 0.00665653
100800 0.00579348
112000 0.00507917
123200 0.00448973
140000 0.00378042
156800 0.00323375
179200 0.00268784
196000 0.00238688
224000 0.00195877
252000 0.00161536
280000 0.00134436
308000 0.00112526
352800 0.000864766
397600 0.000678899
448000 0.000527059
504000 0.000407552
560000 0.000321703
616000 0.000258785
672000 0.000211425
784000 0.000146813
896000 0.000106544
1008000 8.00317e-05
1120000 6.18119e-05
1680000 2.2491e-05
2240000 1.08538e-05
2800000 6.13863e-06
3360000 3.84383e-06
3920000 2.58361e-06
4480000 1.82968e-06
5040000 1.3487e-06
5600000 1.02624e-06
