1.0000E+00 9.45423e-07
1.1000E+00 1.14422e-06
1.2000E+00 1.35963e-06
1.4000E+00 1.83798e-06
1.6000E+00 2.3759e-06
1.8000E+00 2.96917e-06
2.0000E+00 3.61388e-06
2.2000E+00 4.30634e-06
2.5000E+00 5.42776e-06
2.8000E+00 6.6397e-06
3.2000E+00 8.3812e-06
3.5000E+00 9.77186e-06
4.0000E+00 1.22311e-05
4.5000E+00 1.48442e-05
5.0000E+00 1.75887e-05
5.5000E+00 2.0446e-05
6.3000E+00 2.52132e-05
7.1000E+00 3.01735e-05
8.0000E+00 3.59315e-05
9.0000E+00 4.24904e-05
1.0000E+01 4.91686e-05
1.1000E+01 5.59228e-05
1.2000E+01 6.27193e-05
1.4000E+01 7.63362e-05
1.6000E+01 8.98554e-05
1.8000E+01 0.00010317
2.0000E+01 0.000116202
2.2000E+01 0.000128909
2.5000E+01 0.000147292
2.8000E+01 0.000164796
3.2000E+01 0.000192479
3.5000E+01 0.00024549
4.0000E+01 0.000399445
4.5000E+01 0.000550058
5.0000E+01 0.000711664
5.5000E+01 0.000897024
6.3000E+01 0.0012217
7.1000E+01 0.00162626
8.0000E+01 0.00214042
9.0000E+01 0.002646
1.0000E+02 0.00313868
1.1000E+02 0.00363016
1.2000E+02 0.00407964
1.4000E+02 0.00488723
1.6000E+02 0.00560367
1.8000E+02 0.00621832
2.0000E+02 0.00675223
2.2000E+02 0.00721615
2.5000E+02 0.00779792
2.8000E+02 0.00825033
3.2000E+02 0.00876199
3.5000E+02 0.00902027
4.0000E+02 0.00934897
4.5000E+02 0.00957816
5.0000E+02 0.00969134
5.5000E+02 0.00976568
6.3000E+02 0.00980095
7.1000E+02 0.00976156
8.0000E+02 0.00963079
9.0000E+02 0.0093748
1.0000E+03 0.00906932
1.1000E+03 0.00871891
1.2000E+03 0.00833378
1.4000E+03 0.00751946
1.6000E+03 0.00673606
1.8000E+03 0.00602245
2.0000E+03 0.00538729
2.2000E+03 0.00483374
2.5000E+03 0.00414519
2.8000E+03 0.00359977
3.2000E+03 0.00307476
3.5000E+03 0.00273586
4.0000E+03 0.00223233
4.5000E+03 0.00182821
5.0000E+03 0.00150189
5.5000E+03 0.00124471
6.3000E+03 0.000940952
7.1000E+03 0.000724925
8.0000E+03 0.000552554
9.0000E+03 0.000418794
1.0000E+04 0.000324806
1.1000E+04 0.00025695
1.2000E+04 0.000206586
1.4000E+04 0.000139576
1.6000E+04 9.88787e-05
1.8000E+04 7.26943e-05
2.0000E+04 5.50633e-05
3.0000E+04 1.85816e-05
4.0000E+04 8.49851e-06
5.0000E+04 4.60964e-06
6.0000E+04 2.78914e-06
7.0000E+04 1.82116e-06
8.0000E+04 1.25762e-06
9.0000E+04 9.06671e-07
1.0000E+05 6.76287e-07
