1.0000E-01  21019392
1.5000E-01  16270848
2.0000E-01  1.27699e+07
3.0000E-01  8.48673e+06
4.0000E-01  5.88254e+06
5.0000E-01  4.41772e+06
6.0000E-01  3.43215e+06
7.0000E-01  2.88092e+06
1.0000E+00  1.96586e+06
1.5000E+00  1.50319e+06
2.0000E+00  1.28252e+06
3.0000E+00  1136592
4.0000E+00  1.05425e+06
5.0000E+00  1.01114e+06
6.0000E+00  976493
7.0000E+00  949536
1.0000E+01  886291
1.5000E+01  833458
2.0000E+01  799597
3.0000E+01  739290
4.0000E+01  687148
5.0000E+01  640397
6.0000E+01  588246
7.0000E+01  539309
1.0000E+02  408810
1.5000E+02  229228
2.0000E+02  133108
3.0000E+02  39687.8
4.0000E+02  12045
