1.0000E-01 8.7865E+02
1.5000E-01 7.1279E+02
2.0000E-01 5.5404E+02
3.0000E-01 3.4249E+02
4.0000E-01 2.2649E+02
5.0000E-01 1.4995E+02
6.0000E-01 1.0700E+02
7.0000E-01 7.7729E+01
1.0000E+00 4.5884E+01
1.5000E+00 2.1388E+01
2.0000E+00 1.3135E+01
3.0000E+00 5.8144E+00
4.0000E+00 3.2688E+00
5.0000E+00 1.8890E+00
6.0000E+00 1.2560E+00
7.0000E+00 8.4675E-01
1.0000E+01 4.3320E-01
1.5000E+01 1.6888E-01
2.0000E+01 1.0951E-01
3.0000E+01 7.3643E-02
4.0000E+01 5.9183E-02
5.0000E+01 5.3328E-02
6.0000E+01 5.1415E-02
7.0000E+01 4.7655E-02
1.0000E+02 3.5667E-02
1.5000E+02 2.0096E-02
2.0000E+02 9.9297E-03
3.0000E+02 2.8414E-03
4.0000E+02 0.0000E+00
