1.0000E-01 85288896
1.5000E-01 68802912
2.0000E-01 53181792
3.0000E-01 3.22816e+07
4.0000E-01 20910528
5.0000E-01 1.36711e+07
6.0000E-01 9609408
7.0000E-01 6.87528e+06
1.0000E+00 3.81275e+06
1.5000E+00 1.7229e+06
2.0000E+00 1.06592e+06
3.0000E+00 486052
4.0000E+00 279763
5.0000E+00 166493
6.0000E+00 110471
7.0000E+00 74072.4
1.0000E+01 38398.8
1.5000E+01 15057.8
2.0000E+01 9784.8
3.0000E+01 6637.85
4.0000E+01 5339.17
5.0000E+01 4841.16
6.0000E+01 4684.44
7.0000E+01 4324.58
1.0000E+02 3213.91
1.5000E+02 1819.41
2.0000E+02 902.88
3.0000E+02 262.388
4.0000E+02 0
