4.0000E-02 2025820800
1.0000E-01 1118534400
2.0000E-01 3.68747e+08
3.0000E-01 178372800
4.0000E-01 1.11223e+08
5.0000E-01 72285696
6.0000E-01 5.65419e+07
7.0000E-01 44627328
8.0000E-01 36414144
1.0000E+00 25795584
1.2500E+00 17235072
1.5000E+00 11553408
1.7500E+00 7.9577e+06
2.0000E+00 5498496
2.2500E+00 3.82692e+06
2.5000E+00 2.66795e+06
2.7500E+00 1.81051e+06
3.0000E+00 1.2566e+06
3.2500E+00 872294
3.5000E+00 614313
3.7500E+00 412042
4.0000E+00 279547
4.2500E+00 171910
4.5000E+00 106514
4.7500E+00 63109.2
5.0000E+00 38034.1
5.5000E+00 9059.9
6.0000E+00 1518.83
6.5000E+00 0
7.0000E+00 0
