1.0000E+00 1.84833e-09
1.1000E+00 2.224e-09
1.2000E+00 2.62906e-09
1.4000E+00 3.52295e-09
1.6000E+00 4.52097e-09
1.8000E+00 5.61532e-09
2.0000E+00 6.79848e-09
2.2000E+00 8.06415e-09
2.5000E+00 1.01044e-08
2.8000E+00 1.22991e-08
3.2000E+00 1.54388e-08
3.5000E+00 1.79369e-08
4.0000E+00 2.2338e-08
4.5000E+00 2.69965e-08
5.0000E+00 3.18748e-08
5.5000E+00 3.69402e-08
6.3000E+00 4.53667e-08
7.1000E+00 5.41085e-08
8.0000E+00 6.42293e-08
9.0000E+00 7.57343e-08
1.0000E+01 8.74226e-08
1.1000E+01 9.92253e-08
1.2000E+01 1.11086e-07
1.4000E+01 1.34806e-07
1.6000E+01 1.58319e-07
1.8000E+01 1.81442e-07
2.0000E+01 2.04075e-07
2.2000E+01 2.26105e-07
2.5000E+01 2.5797e-07
2.8000E+01 2.88315e-07
3.2000E+01 3.26346e-07
3.5000E+01 3.53087e-07
4.0000E+01 3.99282e-07
4.5000E+01 5.35533e-07
5.0000E+01 8.93091e-07
5.5000E+01 1.26856e-06
6.3000E+01 1.88274e-06
7.1000E+01 2.53775e-06
8.0000E+01 3.20041e-06
9.0000E+01 4.2066e-06
1.0000E+02 5.37241e-06
1.1000E+02 6.46714e-06
1.2000E+02 7.60207e-06
1.4000E+02 9.72797e-06
1.6000E+02 1.14997e-05
1.8000E+02 1.31152e-05
2.0000E+02 1.45407e-05
2.2000E+02 1.57276e-05
2.5000E+02 1.72713e-05
2.8000E+02 1.84971e-05
3.2000E+02 1.98272e-05
3.5000E+02 2.05884e-05
4.0000E+02 2.14512e-05
4.5000E+02 2.21433e-05
5.0000E+02 2.24799e-05
5.5000E+02 2.26633e-05
6.3000E+02 2.2721e-05
7.1000E+02 2.25741e-05
8.0000E+02 2.22764e-05
9.0000E+02 2.18896e-05
1.0000E+03 2.13947e-05
1.1000E+03 2.07818e-05
1.2000E+03 2.0086e-05
1.4000E+03 1.8639e-05
1.6000E+03 1.70716e-05
1.8000E+03 1.55242e-05
2.0000E+03 1.40898e-05
2.2000E+03 1.27811e-05
2.5000E+03 1.10748e-05
2.8000E+03 9.65952e-06
3.2000E+03 8.16463e-06
3.5000E+03 7.29384e-06
4.0000E+03 6.20816e-06
4.5000E+03 5.2271e-06
5.0000E+03 4.39901e-06
5.5000E+03 3.71588e-06
6.3000E+03 2.85677e-06
7.1000E+03 2.23982e-06
8.0000E+03 1.73529e-06
9.0000E+03 1.33186e-06
1.0000E+04 1.04379e-06
1.1000E+04 8.32276e-07
1.2000E+04 6.74623e-07
1.4000E+04 4.60864e-07
1.6000E+04 3.29198e-07
1.8000E+04 2.43777e-07
2.0000E+04 1.85838e-07
3.0000E+04 6.41452e-08
4.0000E+04 2.97823e-08
5.0000E+04 1.63431e-08
6.0000E+04 9.98206e-09
7.0000E+04 6.56938e-09
8.0000E+04 4.56782e-09
9.0000E+04 3.31295e-09
1.0000E+05 2.48449e-09
