1.0000E+00 48345.6
1.1000E+00 48345.6
1.2000E+00 48345.6
1.4000E+00 48345.6
1.6000E+00 48345.6
1.8000E+00 48345.6
2.0000E+00 48345.6
2.2000E+00 48345.6
2.5000E+00 48345.6
2.8000E+00 48345.6
3.2000E+00 48345.6
3.5000E+00 48345.6
4.0000E+00 48345.6
4.5000E+00 48345.6
5.0000E+00 48345.6
5.5000E+00 48345.6
6.3000E+00 48345.6
7.1000E+00 48345.6
8.0000E+00 48345.6
9.0000E+00 48345.6
1.0000E+01 48345.6
1.1000E+01 48345.6
1.2000E+01 48345.6
1.4000E+01 48345.6
1.6000E+01 48345.6
1.8000E+01 48345.6
2.0000E+01 48345.6
2.2000E+01 48345.6
2.5000E+01 48345.6
2.8000E+01 48345.6
3.2000E+01 48345.6
3.5000E+01 48345.6
4.0000E+01 48344.5
4.5000E+01 48344.5
5.0000E+01 48344.5
5.5000E+01 48344.5
6.3000E+01 48343.4
7.1000E+01 48342.3
8.0000E+01 48342.3
9.0000E+01 48340.2
1.0000E+02 48339.1
1.1000E+02 48338
1.2000E+02 48336.9
1.4000E+02 48333.6
1.6000E+02 48330.4
1.8000E+02 48323.9
2.0000E+02 48310.8
2.2000E+02 48290.2
2.5000E+02 48247.9
2.8000E+02 48194.7
3.2000E+02 48102.4
3.5000E+02 48013.3
4.0000E+02 47832
4.5000E+02 47616
5.0000E+02 47367.3
5.5000E+02 47087.2
6.3000E+02 46588.9
7.1000E+02 46041.7
8.0000E+02 45380.4
9.0000E+02 44604.1
1.0000E+03 43797.4
1.1000E+03 42978.8
1.2000E+03 42155.8
1.4000E+03 40522.9
1.6000E+03 38927.9
1.8000E+03 37389.4
2.0000E+03 35910.7
2.2000E+03 34491.6
2.5000E+03 32470
2.8000E+03 30577.5
3.2000E+03 28257.3
3.5000E+03 26662.4
4.0000E+03 24267.3
4.5000E+03 22174
5.0000E+03 20343.4
5.5000E+03 18736.5
6.3000E+03 16540.1
7.1000E+03 14710.6
8.0000E+03 12969.1
9.0000E+03 11329.6
1.0000E+04 9952.49
1.1000E+04 8797.49
1.2000E+04 7825.87
1.4000E+04 6294.11
1.6000E+04 5171.68
1.8000E+04 4327.63
2.0000E+04 3679.12
3.0000E+04 1745.1
4.0000E+04 985.619
5.0000E+04 605.351
6.0000E+04 385.794
7.0000E+04 246.603
8.0000E+04 152.307
9.0000E+04 85.216
1.0000E+05 35.6262
