1.0000E+00 6878.22
1.1000E+00 6878.22
1.2000E+00 6878.22
1.4000E+00 6878.22
1.6000E+00 6878.22
1.8000E+00 6878.22
2.0000E+00 6878.22
2.2000E+00 6878.22
2.5000E+00 6878.22
2.8000E+00 6878.22
3.2000E+00 6878.22
3.5000E+00 6878.22
4.0000E+00 6878.22
4.5000E+00 6878.22
5.0000E+00 6878.22
5.5000E+00 6878.22
6.3000E+00 6878.22
7.1000E+00 6878.22
8.0000E+00 6878.22
9.0000E+00 6878.22
1.0000E+01 6878.22
1.1000E+01 6878.22
1.2000E+01 6878.22
1.4000E+01 6878.11
1.6000E+01 6878.11
1.8000E+01 6878
2.0000E+01 6878
2.2000E+01 6877.9
2.5000E+01 6877.79
2.8000E+01 6877.68
3.2000E+01 6877.57
3.5000E+01 6877.35
4.0000E+01 6877.14
4.5000E+01 6876.81
5.0000E+01 6876.38
5.5000E+01 6875.73
6.3000E+01 6874.42
7.1000E+01 6872.69
8.0000E+01 6869.97
9.0000E+01 6866.28
1.0000E+02 6861.4
1.1000E+02 6855.43
1.2000E+02 6848.49
1.4000E+02 6831.88
1.6000E+02 6811.81
1.8000E+02 6788.69
2.0000E+02 6763.08
2.2000E+02 6735.19
2.5000E+02 6689.73
2.8000E+02 6640.78
3.2000E+02 6571.11
3.5000E+02 6516.31
4.0000E+02 6421.47
4.5000E+02 6323.37
5.0000E+02 6223.31
5.5000E+02 6122.17
6.3000E+02 5959.72
7.1000E+02 5797.81
8.0000E+02 5617.35
9.0000E+02 5419.84
1.0000E+03 5226.68
1.1000E+03 5038.83
1.2000E+03 4857.18
1.4000E+03 4513.82
1.6000E+03 4198.58
1.8000E+03 3911.76
2.0000E+03 3651.86
2.2000E+03 3416.59
2.5000E+03 3103.73
2.8000E+03 2832.44
3.2000E+03 2521.97
3.5000E+03 2320.12
4.0000E+03 2026.8
4.5000E+03 1778.62
5.0000E+03 1569.94
5.5000E+03 1394.03
6.3000E+03 1166.25
7.1000E+03 989.753
8.0000E+03 834.897
9.0000E+03 702.179
1.0000E+04 599.391
1.1000E+04 518.23
1.2000E+04 453.043
1.4000E+04 354.823
1.6000E+04 286.478
1.8000E+04 236.917
2.0000E+04 199.75
3.0000E+04 91.6373
4.0000E+04 51.0145
5.0000E+04 31.0666
6.0000E+04 19.6809
7.0000E+04 12.523
8.0000E+04 7.70633
9.0000E+04 4.29798
1.0000E+05 1.79066
