  1.0000E+00   4.5935E+02   6.6734E+01   2.8900E-01   1.2012E-06   9.1435E-07   3.2164E-09
  1.1000E+00   4.5935E+02   6.6734E+01   2.8900E-01   1.4570E-06   1.0718E-06   3.7939E-09
  1.2000E+00   4.5935E+02   6.6734E+01   2.8900E-01   1.7361E-06   1.2640E-06   4.4966E-09
  1.4000E+00   4.5935E+02   6.6734E+01   2.8900E-01   2.3626E-06   1.6865E-06   6.0501E-09
  1.6000E+00   4.5935E+02   6.6734E+01   2.8900E-01   3.0772E-06   2.1558E-06   7.7877E-09
  1.8000E+00   4.5935E+02   6.6734E+01   2.8900E-01   3.8769E-06   2.6680E-06   9.6946E-09
  2.0000E+00   4.5935E+02   6.6734E+01   2.8900E-01   4.7584E-06   3.2195E-06   1.1758E-08
  2.2000E+00   4.5935E+02   6.6734E+01   2.8900E-01   5.7189E-06   3.8071E-06   1.3964E-08
  2.5000E+00   4.5935E+02   6.6734E+01   2.8900E-01   7.3015E-06   4.7501E-06   1.7521E-08
  2.8000E+00   4.5935E+02   6.6734E+01   2.8900E-01   9.0466E-06   5.7595E-06   2.1345E-08
  3.2000E+00   4.5935E+02   6.6734E+01   2.8900E-01   1.1612E-05   7.1961E-06   2.6810E-08
  3.5000E+00   4.5935E+02   6.6734E+01   2.8900E-01   1.3705E-05   8.3333E-06   3.1151E-08
  4.0000E+00   4.5935E+02   6.6734E+01   2.8900E-01   1.7495E-05   1.0327E-05   3.8788E-08
  4.5000E+00   4.5935E+02   6.6734E+01   2.8900E-01   2.1636E-05   1.2425E-05   4.6855E-08
  5.0000E+00   4.5935E+02   6.6734E+01   2.8900E-01   2.6103E-05   1.4611E-05   5.5281E-08
  5.5000E+00   4.5935E+02   6.6734E+01   2.8900E-01   3.0871E-05   1.6869E-05   6.4011E-08
  6.3000E+00   4.5935E+02   6.6734E+01   2.8900E-01   3.9075E-05   2.0604E-05   7.8487E-08
  7.1000E+00   4.5935E+02   6.6734E+01   2.8900E-01   4.7919E-05   2.4454E-05   9.3451E-08
  8.0000E+00   4.5935E+02   6.6734E+01   2.8900E-01   5.8551E-05   2.8884E-05   1.1071E-07
  9.0000E+00   4.5935E+02   6.6734E+01   2.8900E-01   7.1114E-05   3.3886E-05   1.3024E-07
  1.0000E+01   4.5935E+02   6.6734E+01   2.8900E-01   8.4372E-05   3.8939E-05   1.5001E-07
  1.1000E+01   4.5935E+02   6.6734E+01   2.8900E-01   9.8240E-05   4.4012E-05   1.6989E-07
  1.2000E+01   4.5935E+02   6.6734E+01   2.8900E-01   1.1265E-04   4.9083E-05   1.8979E-07
  1.4000E+01   4.5935E+02   6.6734E+01   2.8900E-01   1.4282E-04   5.9154E-05   2.2937E-07
  1.6000E+01   4.5935E+02   6.6734E+01   2.8900E-01   1.7446E-04   6.9050E-05   2.6834E-07
  1.8000E+01   4.5935E+02   6.6734E+01   2.8900E-01   2.0723E-04   7.8708E-05   3.0641E-07
  2.0000E+01   4.5934E+02   6.6733E+01   2.8900E-01   2.4086E-04   8.8087E-05   3.4342E-07
  2.2000E+01   4.5934E+02   6.6733E+01   2.8900E-01   2.7511E-04   9.7163E-05   3.7926E-07
  2.5000E+01   4.5934E+02   6.6733E+01   2.8900E-01   3.2728E-04   1.1018E-04   4.3071E-07
  2.8000E+01   4.5934E+02   6.6732E+01   2.8900E-01   3.7995E-04   1.2248E-04   4.7931E-07
  3.2000E+01   4.5934E+02   6.6732E+01   2.8899E-01   4.5033E-04   1.3775E-04   5.9359E-07
  3.5000E+01   4.5934E+02   6.6732E+01   2.8899E-01   5.0284E-04   1.4838E-04   9.9652E-07
  4.0000E+01   4.5934E+02   6.6731E+01   2.8898E-01   5.8920E-04   1.6463E-04   2.6970E-06
  4.5000E+01   4.5933E+02   6.6730E+01   2.8896E-01   6.7350E-04   2.5733E-04   4.4278E-06
  5.0000E+01   4.5933E+02   6.6728E+01   2.8894E-01   7.5523E-04   6.0147E-04   5.7580E-06
  5.5000E+01   4.5933E+02   6.6723E+01   2.8891E-01   8.3407E-04   1.0399E-03   7.0156E-06
  6.3000E+01   4.5932E+02   6.6713E+01   2.8884E-01   9.5370E-04   1.5717E-03   1.0064E-05
  7.1000E+01   4.5931E+02   6.6699E+01   2.8874E-01   1.0650E-03   1.9822E-03   1.3467E-05
  8.0000E+01   4.5930E+02   6.6678E+01   2.8860E-01   1.1801E-03   2.6617E-03   1.7723E-05
  9.0000E+01   4.5929E+02   6.6647E+01   2.8840E-01   1.2958E-03   3.5318E-03   2.2451E-05
  1.0000E+02   4.5927E+02   6.6607E+01   2.8816E-01   1.3992E-03   4.4929E-03   2.6405E-05
  1.1000E+02   4.5926E+02   6.6557E+01   2.8787E-01   1.4911E-03   5.3870E-03   3.1112E-05
  1.2000E+02   4.5924E+02   6.6499E+01   2.8754E-01   1.5724E-03   6.3073E-03   3.5436E-05
  1.4000E+02   4.5921E+02   6.6357E+01   2.8675E-01   1.7063E-03   7.8877E-03   4.3825E-05
  1.6000E+02   4.5917E+02   6.6184E+01   2.8580E-01   2.0292E-03   9.4544E-03   5.0735E-05
  1.8000E+02   4.5911E+02   6.5980E+01   2.8472E-01   4.5819E-03   1.0951E-02   5.7139E-05
  2.0000E+02   4.5897E+02   6.5749E+01   2.8352E-01   9.0065E-03   1.2112E-02   6.3072E-05
  2.2000E+02   4.5876E+02   6.5496E+01   2.8220E-01   1.2619E-02   1.3210E-02   6.8480E-05
  2.5000E+02   4.5832E+02   6.5077E+01   2.8005E-01   1.6224E-02   1.4675E-02   7.4960E-05
  2.8000E+02   4.5778E+02   6.4617E+01   2.7773E-01   2.0271E-02   1.5994E-02   8.0096E-05
  3.2000E+02   4.5683E+02   6.3952E+01   2.7442E-01   2.7133E-02   1.7274E-02   8.5218E-05
  3.5000E+02   4.5593E+02   6.3423E+01   2.7182E-01   3.2647E-02   1.8016E-02   8.8115E-05
  4.0000E+02   4.5410E+02   6.2501E+01   2.6731E-01   4.0628E-02   1.8866E-02   9.2278E-05
  4.5000E+02   4.5192E+02   6.1543E+01   2.6264E-01   4.6538E-02   1.9428E-02   9.4723E-05
  5.0000E+02   4.4943E+02   6.0561E+01   2.5787E-01   5.3116E-02   1.9877E-02   9.5907E-05
  5.5000E+02   4.4664E+02   5.9561E+01   2.5305E-01   5.8617E-02   2.0097E-02   9.7025E-05
  6.3000E+02   4.4168E+02   5.7953E+01   2.4527E-01   6.5275E-02   2.0099E-02   9.7441E-05
  7.1000E+02   4.3626E+02   5.6347E+01   2.3749E-01   7.0277E-02   2.0070E-02   9.7013E-05
  8.0000E+02   4.2974E+02   5.4552E+01   2.2882E-01   7.4593E-02   1.9814E-02   9.5663E-05
  9.0000E+02   4.2210E+02   5.2589E+01   2.1939E-01   7.8217E-02   1.9446E-02   9.2983E-05
  1.0000E+03   4.1419E+02   5.0669E+01   2.1025E-01   7.9923E-02   1.8950E-02   8.9665E-05
  1.1000E+03   4.0617E+02   4.8805E+01   2.0147E-01   8.0413E-02   1.8332E-02   8.6091E-05
  1.2000E+03   3.9815E+02   4.7005E+01   1.9306E-01   8.0169E-02   1.7664E-02   8.2012E-05
  1.4000E+03   3.8227E+02   4.3614E+01   1.7749E-01   7.8610E-02   1.6248E-02   7.3680E-05
  1.6000E+03   3.6681E+02   4.0512E+01   1.6354E-01   7.5921E-02   1.4767E-02   6.5834E-05
  1.8000E+03   3.5195E+02   3.7701E+01   1.5109E-01   7.2689E-02   1.3344E-02   5.8663E-05
  2.0000E+03   3.3772E+02   3.5161E+01   1.3999E-01   6.9666E-02   1.2059E-02   5.2396E-05
  2.2000E+03   3.2409E+02   3.2866E+01   1.3005E-01   6.6660E-02   1.0890E-02   4.6963E-05
  2.5000E+03   3.0473E+02   2.9822E+01   1.1697E-01   6.2398E-02   9.4013E-03   4.0260E-05
  2.8000E+03   2.8667E+02   2.7185E+01   1.0568E-01   5.8009E-02   8.1776E-03   3.5010E-05
  3.2000E+03   2.6457E+02   2.4169E+01   9.2684E-02   5.2451E-02   6.9064E-03   2.9948E-05
  3.5000E+03   2.4944E+02   2.2204E+01   8.4213E-02   4.8468E-02   6.1891E-03   2.6520E-05
  4.0000E+03   2.2676E+02   1.9348E+01   7.2202E-02   4.2252E-02   5.2350E-03   2.1526E-05
  4.5000E+03   2.0698E+02   1.6945E+01   6.2430E-02   3.6839E-02   4.3787E-03   1.7561E-05
  5.0000E+03   1.8973E+02   1.4932E+01   5.4446E-02   3.2187E-02   3.6711E-03   1.4376E-05
  5.5000E+03   1.7461E+02   1.3243E+01   4.7878E-02   2.8275E-02   3.0870E-03   1.1897E-05
  6.3000E+03   1.5398E+02   1.1062E+01   3.9531E-02   2.3294E-02   2.3656E-03   8.9710E-06
  7.1000E+03   1.3684E+02   9.3755E+00   3.3186E-02   1.9576E-02   1.8501E-03   6.8921E-06
  8.0000E+03   1.2054E+02   7.9000E+00   2.7724E-02   1.6627E-02   1.4286E-03   5.2454E-06
  9.0000E+03   1.0523E+02   6.6384E+00   2.3117E-02   1.4001E-02   1.0947E-03   3.9691E-06
  1.0000E+04   9.2378E+01   5.6629E+00   1.9594E-02   1.1703E-02   8.5630E-04   3.0754E-06
  1.1000E+04   8.1614E+01   4.8937E+00   1.6842E-02   9.8242E-03   6.8213E-04   2.4300E-06
  1.2000E+04   7.2567E+01   4.2764E+00   1.4651E-02   8.2693E-03   5.5241E-04   1.9525E-06
  1.4000E+04   5.8320E+01   3.3472E+00   1.1380E-02   5.9777E-03   3.7678E-04   1.3181E-06
  1.6000E+04   4.7893E+01   2.7015E+00   9.1287E-03   4.4499E-03   2.6893E-04   9.3314E-07
  1.8000E+04   4.0060E+01   2.2336E+00   7.5098E-03   3.3832E-03   1.9903E-04   6.8568E-07
  2.0000E+04   3.4046E+01   1.8829E+00   6.3047E-03   2.6308E-03   1.5165E-04   5.1946E-07
  3.0000E+04   1.6127E+01   8.6314E-01   2.8319E-03   9.5297E-04   5.2299E-05   1.7509E-07
  4.0000E+04   9.1033E+00   4.8031E-01   1.5563E-03   4.5174E-04   2.4267E-05   8.0035E-08
  5.0000E+04   5.5894E+00   2.9242E-01   9.3911E-04   2.5104E-04   1.3311E-05   4.3396E-08
  6.0000E+04   3.5610E+00   1.8522E-01   5.9087E-04   1.5462E-04   8.1280E-06   2.6252E-08
  7.0000E+04   2.2757E+00   1.1784E-01   3.7392E-04   1.0245E-04   5.3482E-06   1.7138E-08
  8.0000E+04   1.4053E+00   7.2511E-02   2.2907E-04   7.1630E-05   3.7182E-06   1.1834E-08
  9.0000E+04   7.8616E-01   4.0438E-02   1.2725E-04   5.2199E-05   2.6964E-06   8.5303E-09
  1.0000E+05   3.2862E-01   1.6847E-02   5.2783E-05   3.9308E-05   2.0219E-06   6.3623E-09
