1.0000E+00 22.4432
1.1000E+00 22.4432
1.2000E+00 22.4432
1.4000E+00 22.4432
1.6000E+00 22.4432
1.8000E+00 22.4432
2.0000E+00 22.4432
2.2000E+00 22.4432
2.5000E+00 22.4432
2.8000E+00 22.4432
3.2000E+00 22.4432
3.5000E+00 22.4432
4.0000E+00 22.4432
4.5000E+00 22.4432
5.0000E+00 22.4432
5.5000E+00 22.4432
6.3000E+00 22.4432
7.1000E+00 22.4432
8.0000E+00 22.4432
9.0000E+00 22.4432
1.0000E+01 22.4432
1.1000E+01 22.4432
1.2000E+01 22.4432
1.4000E+01 22.4432
1.6000E+01 22.4432
1.8000E+01 22.4432
2.0000E+01 22.4432
2.2000E+01 22.4432
2.5000E+01 22.4432
2.8000E+01 22.4432
3.2000E+01 22.4432
3.5000E+01 22.4432
4.0000E+01 22.4432
4.5000E+01 22.4432
5.0000E+01 22.4421
5.5000E+01 22.441
6.3000E+01 22.4378
7.1000E+01 22.4334
8.0000E+01 22.4269
9.0000E+01 22.4172
1.0000E+02 22.4052
1.1000E+02 22.3911
1.2000E+02 22.3737
1.4000E+02 22.3314
1.6000E+02 22.2793
1.8000E+02 22.2174
2.0000E+02 22.1479
2.2000E+02 22.0708
2.5000E+02 21.9438
2.8000E+02 21.8059
3.2000E+02 21.6061
3.5000E+02 21.4476
4.0000E+02 21.1697
4.5000E+02 20.8808
5.0000E+02 20.5834
5.5000E+02 20.2783
6.3000E+02 19.7853
7.1000E+02 19.287
8.0000E+02 18.7257
9.0000E+02 18.1068
1.0000E+03 17.4988
1.1000E+03 16.9049
1.2000E+03 16.3294
1.4000E+03 15.2405
1.6000E+03 14.2405
1.8000E+03 13.3285
2.0000E+03 12.5001
2.2000E+03 11.7466
2.5000E+03 10.738
2.8000E+03 9.85434
3.2000E+03 8.82778
3.5000E+03 8.14735
4.0000E+03 7.15086
4.5000E+03 6.31203
5.0000E+03 5.60641
5.5000E+03 5.01142
6.3000E+03 4.23751
7.1000E+03 3.63211
8.0000E+03 3.09695
9.0000E+03 2.63443
1.0000E+04 2.27244
1.1000E+04 1.98375
1.2000E+04 1.74966
1.4000E+04 1.39267
1.6000E+04 1.14002
1.8000E+04 0.953829
2.0000E+04 0.81226
3.0000E+04 0.391527
4.0000E+04 0.225094
5.0000E+04 0.140288
6.0000E+04 0.0904601
7.0000E+04 0.0583799
8.0000E+04 0.0363526
9.0000E+04 0.0204878
1.0000E+05 0.00863452
