1.0000E+00 320.509
1.1000E+00 320.509
1.2000E+00 320.509
1.4000E+00 320.509
1.6000E+00 320.509
1.8000E+00 320.509
2.0000E+00 320.509
2.2000E+00 320.509
2.5000E+00 320.509
2.8000E+00 320.509
3.2000E+00 320.509
3.5000E+00 320.509
4.0000E+00 320.498
4.5000E+00 320.498
5.0000E+00 320.498
5.5000E+00 320.498
6.3000E+00 320.487
7.1000E+00 320.476
8.0000E+00 320.476
9.0000E+00 320.455
1.0000E+01 320.444
1.1000E+01 320.433
1.2000E+01 320.411
1.4000E+01 320.368
1.6000E+01 320.313
1.8000E+01 320.248
2.0000E+01 320.172
2.2000E+01 320.096
2.5000E+01 319.966
2.8000E+01 319.814
3.2000E+01 319.586
3.5000E+01 319.39
4.0000E+01 319.043
4.5000E+01 318.652
5.0000E+01 318.218
5.5000E+01 317.751
6.3000E+01 316.926
7.1000E+01 316.025
8.0000E+01 314.917
9.0000E+01 313.582
1.0000E+02 312.181
1.1000E+02 310.694
1.2000E+02 309.152
1.4000E+02 305.938
1.6000E+02 302.583
1.8000E+02 299.131
2.0000E+02 295.635
2.2000E+02 292.106
2.5000E+02 286.797
2.8000E+02 281.509
3.2000E+02 274.55
3.5000E+02 269.436
4.0000E+02 261.119
4.5000E+02 253.106
5.0000E+02 245.398
5.5000E+02 238.004
6.3000E+02 226.821
7.1000E+02 216.409
8.0000E+02 205.562
9.0000E+02 194.477
1.0000E+03 184.336
1.1000E+03 175.042
1.2000E+03 166.497
1.4000E+03 151.341
1.6000E+03 138.388
1.8000E+03 127.205
2.0000E+03 117.476
2.2000E+03 108.943
2.5000E+03 97.9267
2.8000E+03 88.6372
3.2000E+03 78.263
3.5000E+03 71.6596
4.0000E+03 62.2625
4.5000E+03 54.5126
5.0000E+03 48.0948
5.5000E+03 42.7389
6.3000E+03 35.8466
7.1000E+03 30.5211
8.0000E+03 25.8557
9.0000E+03 21.8537
1.0000E+04 18.7452
1.1000E+04 16.2828
1.2000E+04 14.297
1.4000E+04 11.2873
1.6000E+04 9.17641
1.8000E+04 7.6338
2.0000E+04 6.46891
3.0000E+04 3.04364
4.0000E+04 1.72241
5.0000E+04 1.06128
6.0000E+04 0.678399
7.0000E+04 0.434761
8.0000E+04 0.269143
9.0000E+04 0.150906
1.0000E+05 0.0632375
