'SPECIES'   -7 'H ' 'He' 'Li'
 1.0000E+00   4.3805E+02   6.3383E+01   2.7437E-01   3.2095E-06   2.4561E-06   8.7121E-09
  1.1000E+00   4.3805E+02   6.3383E+01   2.7437E-01   3.8990E-06   2.9552E-06   1.0544E-08
  1.2000E+00   4.3805E+02   6.3383E+01   2.7437E-01   4.6525E-06   3.4936E-06   1.2529E-08
  1.4000E+00   4.3805E+02   6.3383E+01   2.7437E-01   6.3482E-06   4.6813E-06   1.6937E-08
  1.6000E+00   4.3805E+02   6.3383E+01   2.7437E-01   8.2887E-06   6.0076E-06   2.1894E-08
  1.8000E+00   4.3805E+02   6.3383E+01   2.7437E-01   1.0466E-05   7.4617E-06   2.7361E-08
  2.0000E+00   4.3805E+02   6.3383E+01   2.7437E-01   1.2873E-05   9.0340E-06   3.3302E-08
  2.2000E+00   4.3805E+02   6.3383E+01   2.7437E-01   1.5502E-05   1.0716E-05   3.9683E-08
  2.5000E+00   4.3805E+02   6.3383E+01   2.7437E-01   1.9846E-05   1.3427E-05   5.0017E-08
  2.8000E+00   4.3805E+02   6.3383E+01   2.7437E-01   2.4652E-05   1.6343E-05   6.1185E-08
  3.2000E+00   4.3805E+02   6.3383E+01   2.7437E-01   3.1741E-05   2.0516E-05   7.7233E-08
  3.5000E+00   4.3805E+02   6.3383E+01   2.7437E-01   3.7544E-05   2.3835E-05   9.0048E-08
  4.0000E+00   4.3805E+02   6.3383E+01   2.7437E-01   4.8088E-05   2.9683E-05   1.1271E-07
  4.5000E+00   4.3805E+02   6.3383E+01   2.7437E-01   5.9656E-05   3.5874E-05   1.3679E-07
  5.0000E+00   4.3805E+02   6.3383E+01   2.7437E-01   7.2179E-05   4.2356E-05   1.6208E-07
  5.5000E+00   4.3805E+02   6.3383E+01   2.7437E-01   8.5592E-05   4.9088E-05   1.8841E-07
  6.3000E+00   4.3805E+02   6.3383E+01   2.7437E-01   1.0877E-04   6.0284E-05   2.3234E-07
  7.1000E+00   4.3805E+02   6.3383E+01   2.7437E-01   1.3387E-04   7.1901E-05   2.7805E-07
  8.0000E+00   4.3805E+02   6.3383E+01   2.7437E-01   1.6418E-04   8.5350E-05   3.3111E-07
  9.0000E+00   4.3805E+02   6.3383E+01   2.7437E-01   2.0016E-04   1.0064E-04   3.9155E-07
  1.0000E+01   4.3805E+02   6.3383E+01   2.7437E-01   2.3831E-04   1.1617E-04   4.5309E-07
  1.1000E+01   4.3805E+02   6.3383E+01   2.7437E-01   2.7838E-04   1.3185E-04   5.1533E-07
  1.2000E+01   4.3805E+02   6.3383E+01   2.7437E-01   3.2018E-04   1.4761E-04   5.7796E-07
  1.4000E+01   4.3805E+02   6.3382E+01   2.7437E-01   4.0820E-04   1.7914E-04   7.0344E-07
  1.6000E+01   4.3805E+02   6.3382E+01   2.7437E-01   5.0112E-04   2.1038E-04   8.2802E-07
  1.8000E+01   4.3805E+02   6.3381E+01   2.7437E-01   5.9795E-04   2.4111E-04   9.5071E-07
  2.0000E+01   4.3804E+02   6.3381E+01   2.7436E-01   6.9786E-04   2.7117E-04   1.0708E-06
  2.2000E+01   4.3804E+02   6.3380E+01   2.7436E-01   8.0018E-04   3.0046E-04   1.1879E-06
  2.5000E+01   4.3804E+02   6.3379E+01   2.7436E-01   9.5696E-04   3.4279E-04   1.3573E-06
  2.8000E+01   4.3804E+02   6.3378E+01   2.7435E-01   1.1163E-03   3.8311E-04   1.5186E-06
  3.2000E+01   4.3803E+02   6.3377E+01   2.7435E-01   1.3308E-03   4.3366E-04   1.7737E-06
  3.5000E+01   4.3803E+02   6.3375E+01   2.7434E-01   1.4920E-03   4.6919E-04   2.2622E-06
  4.0000E+01   4.3802E+02   6.3373E+01   2.7433E-01   1.7589E-03   5.2398E-04   3.6809E-06
  4.5000E+01   4.3801E+02   6.3370E+01   2.7430E-01   2.0216E-03   6.5793E-04   5.0688E-06
  5.0000E+01   4.3800E+02   6.3366E+01   2.7428E-01   2.2785E-03   9.5013E-04   6.5580E-06
  5.5000E+01   4.3799E+02   6.3360E+01   2.7424E-01   2.5280E-03   1.2879E-03   8.2661E-06
  6.3000E+01   4.3797E+02   6.3348E+01   2.7416E-01   2.9103E-03   1.7738E-03   1.1258E-05
  7.1000E+01   4.3794E+02   6.3332E+01   2.7405E-01   3.2697E-03   2.3396E-03   1.4986E-05
  8.0000E+01   4.3791E+02   6.3307E+01   2.7390E-01   3.6458E-03   3.0297E-03   1.9724E-05
  9.0000E+01   4.3787E+02   6.3273E+01   2.7368E-01   4.0283E-03   3.9267E-03   2.4383E-05
  1.0000E+02   4.3783E+02   6.3228E+01   2.7341E-01   4.3745E-03   4.9801E-03   2.8923E-05
  1.1000E+02   4.3778E+02   6.3173E+01   2.7310E-01   4.6861E-03   5.9640E-03   3.3452E-05
  1.2000E+02   4.3774E+02   6.3109E+01   2.7274E-01   4.9651E-03   6.8254E-03   3.7594E-05
  1.4000E+02   4.3763E+02   6.2956E+01   2.7192E-01   5.4340E-03   8.5064E-03   4.5036E-05
  1.6000E+02   4.3752E+02   6.2771E+01   2.7095E-01   6.0305E-03   9.9990E-03   5.1638E-05
  1.8000E+02   4.3737E+02   6.2558E+01   2.6986E-01   8.3050E-03   1.1268E-02   5.7302E-05
  2.0000E+02   4.3717E+02   6.2322E+01   2.6867E-01   1.1800E-02   1.2364E-02   6.2222E-05
  2.2000E+02   4.3691E+02   6.2065E+01   2.6738E-01   1.4538E-02   1.3357E-02   6.6497E-05
  2.5000E+02   4.3641E+02   6.1646E+01   2.6530E-01   1.8780E-02   1.4561E-02   7.1858E-05
  2.8000E+02   4.3578E+02   6.1195E+01   2.6309E-01   2.3458E-02   1.5536E-02   7.6027E-05
  3.2000E+02   4.3470E+02   6.0553E+01   2.5995E-01   3.0300E-02   1.6552E-02   8.0742E-05
  3.5000E+02   4.3370E+02   6.0048E+01   2.5749E-01   3.6320E-02   1.7106E-02   8.3122E-05
  4.0000E+02   4.3168E+02   5.9174E+01   2.5326E-01   4.4589E-02   1.7870E-02   8.6151E-05
  4.5000E+02   4.2929E+02   5.8270E+01   2.4890E-01   5.1152E-02   1.8291E-02   8.8263E-05
  5.0000E+02   4.2658E+02   5.7348E+01   2.4446E-01   5.7039E-02   1.8552E-02   8.9306E-05
  5.5000E+02   4.2361E+02   5.6416E+01   2.3998E-01   6.1696E-02   1.8730E-02   8.9991E-05
  6.3000E+02   4.1847E+02   5.4919E+01   2.3277E-01   6.6810E-02   1.8707E-02   9.0316E-05
  7.1000E+02   4.1296E+02   5.3427E+01   2.2556E-01   7.1017E-02   1.8592E-02   8.9953E-05
  8.0000E+02   4.0644E+02   5.1764E+01   2.1751E-01   7.3778E-02   1.8365E-02   8.8748E-05
  9.0000E+02   3.9898E+02   4.9944E+01   2.0876E-01   7.5546E-02   1.8029E-02   8.6389E-05
  1.0000E+03   3.9139E+02   4.8164E+01   2.0026E-01   7.6270E-02   1.7583E-02   8.3574E-05
  1.1000E+03   3.8377E+02   4.6433E+01   1.9206E-01   7.6136E-02   1.7030E-02   8.0345E-05
  1.2000E+03   3.7617E+02   4.4759E+01   1.8421E-01   7.5794E-02   1.6446E-02   7.6796E-05
  1.4000E+03   3.6125E+02   4.1595E+01   1.6960E-01   7.3388E-02   1.5194E-02   6.9292E-05
  1.6000E+03   3.4685E+02   3.8690E+01   1.5646E-01   7.0641E-02   1.3855E-02   6.2073E-05
  1.8000E+03   3.3304E+02   3.6047E+01   1.4470E-01   6.7490E-02   1.2572E-02   5.5497E-05
  2.0000E+03   3.1983E+02   3.3652E+01   1.3419E-01   6.4536E-02   1.1380E-02   4.9644E-05
  2.2000E+03   3.0720E+02   3.1484E+01   1.2477E-01   6.1763E-02   1.0306E-02   4.4543E-05
  2.5000E+03   2.8926E+02   2.8601E+01   1.1236E-01   5.7866E-02   8.9088E-03   3.8198E-05
  2.8000E+03   2.7250E+02   2.6101E+01   1.0165E-01   5.3885E-02   7.7595E-03   3.3172E-05
  3.2000E+03   2.5193E+02   2.3240E+01   8.9353E-02   4.8940E-02   6.5484E-03   2.8334E-05
  3.5000E+03   2.3779E+02   2.1380E+01   8.1322E-02   4.5348E-02   5.8465E-03   2.5211E-05
  4.0000E+03   2.1653E+02   1.8677E+01   6.9876E-02   3.9700E-02   4.9681E-03   2.0571E-05
  4.5000E+03   1.9792E+02   1.6390E+01   6.0521E-02   3.4720E-02   4.1791E-03   1.6847E-05
  5.0000E+03   1.8163E+02   1.4467E+01   5.2850E-02   3.0439E-02   3.5145E-03   1.3840E-05
  5.5000E+03   1.6732E+02   1.2846E+01   4.6522E-02   2.6787E-02   2.9672E-03   1.1470E-05
  6.3000E+03   1.4777E+02   1.0747E+01   3.8466E-02   2.2100E-02   2.2800E-03   8.6709E-06
  7.1000E+03   1.3150E+02   9.1206E+00   3.2325E-02   1.8563E-02   1.7869E-03   6.6802E-06
  8.0000E+03   1.1609E+02   7.6936E+00   2.7028E-02   1.5689E-02   1.3840E-03   5.0918E-06
  9.0000E+03   1.0159E+02   6.4706E+00   2.2553E-02   1.3304E-02   1.0621E-03   3.8592E-06
  1.0000E+04   8.9354E+01   5.5234E+00   1.9126E-02   1.1176E-02   8.3225E-04   2.9931E-06
  1.1000E+04   7.9060E+01   4.7755E+00   1.6446E-02   9.4108E-03   6.6355E-04   2.3678E-06
  1.2000E+04   7.0378E+01   4.1748E+00   1.4310E-02   7.9530E-03   5.3781E-04   1.9037E-06
  1.4000E+04   5.6660E+01   3.2697E+00   1.1120E-02   5.7653E-03   3.6737E-04   1.2862E-06
  1.6000E+04   4.6591E+01   2.6399E+00   8.9228E-03   4.3039E-03   2.6241E-04   9.1117E-07
  1.8000E+04   3.9007E+01   2.1832E+00   7.3417E-03   3.2804E-03   1.9431E-04   6.6988E-07
  2.0000E+04   3.3172E+01   1.8407E+00   6.1644E-03   2.5548E-03   1.4813E-04   5.0741E-07
  3.0000E+04   1.5751E+01   8.4444E-01   2.7712E-03   9.2937E-04   5.1128E-05   1.7123E-07
  4.0000E+04   8.8977E+00   4.7010E-01   1.5235E-03   4.4121E-04   2.3739E-05   7.8314E-08
  5.0000E+04   5.4652E+00   2.8628E-01   9.1954E-04   2.4528E-04   1.3026E-05   4.2478E-08
  6.0000E+04   3.4830E+00   1.8136E-01   5.7864E-04   1.5115E-04   7.9564E-06   2.5702E-08
  7.0000E+04   2.2263E+00   1.1540E-01   3.6622E-04   1.0019E-04   5.2363E-06   1.6782E-08
  8.0000E+04   1.3751E+00   7.1014E-02   2.2436E-04   7.0070E-05   3.6409E-06   1.1589E-08
  9.0000E+04   7.6935E-01   3.9606E-02   1.2464E-04   5.1074E-05   2.6407E-06   8.3550E-09
  1.0000E+05   3.2164E-01   1.6501E-02   5.1705E-05   3.8467E-05   1.9803E-06   6.2320E-09
