1.0000E+00 1.21125
1.1000E+00 1.21125
1.2000E+00 1.21125
1.4000E+00 1.21125
1.6000E+00 1.21125
1.8000E+00 1.21125
2.0000E+00 1.21125
2.2000E+00 1.21125
2.5000E+00 1.21125
2.8000E+00 1.21125
3.2000E+00 1.21125
3.5000E+00 1.21125
4.0000E+00 1.21125
4.5000E+00 1.21125
5.0000E+00 1.21125
5.5000E+00 1.21124
6.3000E+00 1.21124
7.1000E+00 1.21124
8.0000E+00 1.21122
9.0000E+00 1.21121
1.0000E+01 1.2112
1.1000E+01 1.21117
1.2000E+01 1.21116
1.4000E+01 1.21111
1.6000E+01 1.21105
1.8000E+01 1.21097
2.0000E+01 1.21088
2.2000E+01 1.21078
2.5000E+01 1.21061
2.8000E+01 1.21039
3.2000E+01 1.21007
3.5000E+01 1.20978
4.0000E+01 1.20923
4.5000E+01 1.20859
5.0000E+01 1.20786
5.5000E+01 1.20705
6.3000E+01 1.20558
7.1000E+01 1.20391
8.0000E+01 1.2018
9.0000E+01 1.19922
1.0000E+02 1.19638
1.1000E+02 1.19331
1.2000E+02 1.19006
1.4000E+02 1.18303
1.6000E+02 1.17543
1.8000E+02 1.16731
2.0000E+02 1.15872
2.2000E+02 1.14975
2.5000E+02 1.13575
2.8000E+02 1.12121
3.2000E+02 1.10135
3.5000E+02 1.08628
4.0000E+02 1.06111
4.5000E+02 1.03617
5.0000E+02 1.01163
5.5000E+02 0.987593
6.3000E+02 0.950465
7.1000E+02 0.915122
8.0000E+02 0.87753
9.0000E+02 0.838317
1.0000E+03 0.80168
1.1000E+03 0.767504
1.2000E+03 0.735627
1.4000E+03 0.677876
1.6000E+03 0.627209
1.8000E+03 0.58257
2.0000E+03 0.543032
2.2000E+03 0.507851
2.5000E+03 0.461806
2.8000E+03 0.422481
3.2000E+03 0.378232
3.5000E+03 0.350072
4.0000E+03 0.310332
4.5000E+03 0.277764
5.0000E+03 0.250647
5.5000E+03 0.227725
6.3000E+03 0.197531
7.1000E+03 0.173378
8.0000E+03 0.151273
9.0000E+03 0.131152
1.0000E+04 0.11462
1.1000E+04 0.100959
1.2000E+04 0.0895779
1.4000E+04 0.0717917
1.6000E+04 0.05888
1.8000E+04 0.0492226
2.0000E+04 0.0418235
3.0000E+04 0.0198059
4.0000E+04 0.0111841
5.0000E+04 0.00686919
6.0000E+04 0.00437779
7.0000E+04 0.00279824
8.0000E+04 0.00172826
9.0000E+04 0.000966982
1.0000E+05 0.000404269
