1.0000E+00 0
1.1000E+00 0
1.2000E+00 0
1.4000E+00 0
1.6000E+00 0
1.8000E+00 0
2.0000E+00 0
2.2000E+00 0
2.5000E+00 0
2.8000E+00 0
3.2000E+00 0
3.5000E+00 0
4.0000E+00 0
4.5000E+00 0
5.0000E+00 0
5.5000E+00 0
6.3000E+00 0
7.1000E+00 0
8.0000E+00 0
9.0000E+00 0
1.0000E+01 0
1.1000E+01 0
1.2000E+01 0
1.4000E+01 0
1.6000E+01 0
1.8000E+01 0
2.0000E+01 0
2.2000E+01 0
2.5000E+01 0
2.8000E+01 0
3.2000E+01 0
3.5000E+01 0
4.0000E+01 5.11859e-06
4.5000E+01 0.000292117
5.0000E+01 0.000982427
5.5000E+01 0.00185042
6.3000E+01 0.00324613
7.1000E+01 0.00464227
8.0000E+01 0.00630573
9.0000E+01 0.00808025
1.0000E+02 0.00991732
1.1000E+02 0.0120788
1.2000E+02 0.014538
1.4000E+02 0.0195345
1.6000E+02 0.0241945
1.8000E+02 0.0281987
2.0000E+02 0.0317718
2.2000E+02 0.0350877
2.5000E+02 0.0395359
2.8000E+02 0.0432394
3.2000E+02 0.0469222
3.5000E+02 0.0492902
4.0000E+02 0.0520219
4.5000E+02 0.0541716
5.0000E+02 0.0553345
5.5000E+02 0.0562964
6.3000E+02 0.0569674
7.1000E+02 0.0569652
8.0000E+02 0.0567817
9.0000E+02 0.0559935
1.0000E+03 0.0547047
1.1000E+03 0.0531304
1.2000E+03 0.0514041
1.4000E+03 0.0475009
1.6000E+03 0.0433512
1.8000E+03 0.039347
2.0000E+03 0.0356479
2.2000E+03 0.0322897
2.5000E+03 0.0279446
2.8000E+03 0.0243737
3.2000E+03 0.0206138
3.5000E+03 0.0184499
4.0000E+03 0.0156704
4.5000E+03 0.0131591
5.0000E+03 0.0110615
5.5000E+03 0.00933058
6.3000E+03 0.00716997
7.1000E+03 0.00562117
8.0000E+03 0.00435282
9.0000E+03 0.00334211
1.0000E+04 0.00261977
1.1000E+04 0.00209004
1.2000E+04 0.00169494
1.4000E+04 0.00115891
1.6000E+04 0.000828785
1.8000E+04 0.000614352
2.0000E+04 0.000468766
3.0000E+04 0.000162415
4.0000E+04 7.56225e-05
5.0000E+04 4.15869e-05
6.0000E+04 2.54474e-05
7.0000E+04 1.67724e-05
8.0000E+04 1.16782e-05
9.0000E+04 8.47959e-06
1.0000E+05 6.36566e-06
