1.0000E+00 341.355
1.1000E+00 341.355
1.2000E+00 341.355
1.4000E+00 341.355
1.6000E+00 341.355
1.8000E+00 341.355
2.0000E+00 341.355
2.2000E+00 341.355
2.5000E+00 341.355
2.8000E+00 341.355
3.2000E+00 341.355
3.5000E+00 341.355
4.0000E+00 341.355
4.5000E+00 341.355
5.0000E+00 341.344
5.5000E+00 341.344
6.3000E+00 341.333
7.1000E+00 341.333
8.0000E+00 341.322
9.0000E+00 341.301
1.0000E+01 341.29
1.1000E+01 341.268
1.2000E+01 341.246
1.4000E+01 341.203
1.6000E+01 341.138
1.8000E+01 341.073
2.0000E+01 340.997
2.2000E+01 340.899
2.5000E+01 340.758
2.8000E+01 340.584
3.2000E+01 340.323
3.5000E+01 340.117
4.0000E+01 339.726
4.5000E+01 339.292
5.0000E+01 338.803
5.5000E+01 338.282
6.3000E+01 337.359
7.1000E+01 336.339
8.0000E+01 335.101
9.0000E+01 333.624
1.0000E+02 332.05
1.1000E+02 330.389
1.2000E+02 328.663
1.4000E+02 325.069
1.6000E+02 321.323
1.8000E+02 317.469
2.0000E+02 313.571
2.2000E+02 309.63
2.5000E+02 303.723
2.8000E+02 297.839
3.2000E+02 290.108
3.5000E+02 284.419
4.0000E+02 275.212
4.5000E+02 266.342
5.0000E+02 257.84
5.5000E+02 249.686
6.3000E+02 237.396
7.1000E+02 225.985
8.0000E+02 214.118
9.0000E+02 202.033
1.0000E+03 191.013
1.1000E+03 180.938
1.2000E+03 171.709
1.4000E+03 155.401
1.6000E+03 141.515
1.8000E+03 129.604
2.0000E+03 119.279
2.2000E+03 110.256
2.5000E+03 98.6618
2.8000E+03 88.9358
3.2000E+03 78.1338
3.5000E+03 71.2937
4.0000E+03 61.6089
4.5000E+03 53.67
5.0000E+03 47.1328
5.5000E+03 41.7052
6.3000E+03 34.7587
7.1000E+03 29.4277
8.0000E+03 24.7873
9.0000E+03 20.8309
1.0000E+04 17.7778
1.1000E+04 15.3707
1.2000E+04 13.4403
1.4000E+04 10.5331
1.6000E+04 8.51075
1.8000E+04 7.04338
2.0000E+04 5.94244
3.0000E+04 2.73573
4.0000E+04 1.52654
5.0000E+04 0.931202
6.0000E+04 0.590694
7.0000E+04 0.37624
8.0000E+04 0.231728
9.0000E+04 0.129333
1.0000E+05 0.0539306
