1.0000E+00 0.0150809
1.1000E+00 0.0181459
1.2000E+00 0.0214519
1.4000E+00 0.0287448
1.6000E+00 0.0368889
1.8000E+00 0.0458169
2.0000E+00 0.0554713
2.2000E+00 0.0657988
2.5000E+00 0.0824452
2.8000E+00 0.100352
3.2000E+00 0.125967
3.5000E+00 0.146357
4.0000E+00 0.182262
4.5000E+00 0.220274
5.0000E+00 0.260077
5.5000E+00 0.301411
6.3000E+00 0.370159
7.1000E+00 0.441492
8.0000E+00 0.524073
9.0000E+00 0.617935
1.0000E+01 0.713306
1.1000E+01 0.80961
1.2000E+01 0.906382
1.4000E+01 1.09996
1.6000E+01 1.29181
1.8000E+01 1.48051
2.0000E+01 1.66508
2.2000E+01 1.84488
2.5000E+01 2.1048
2.8000E+01 2.35246
3.2000E+01 2.66276
3.5000E+01 2.88089
4.0000E+01 3.21877
4.5000E+01 3.55404
5.0000E+01 3.89236
5.5000E+01 4.20462
6.3000E+01 4.6439
7.1000E+01 5.04617
8.0000E+01 5.44148
9.0000E+01 5.8051
1.0000E+02 6.10791
1.1000E+02 6.36696
1.2000E+02 6.58444
1.4000E+02 6.89235
1.6000E+02 7.08887
1.8000E+02 7.20396
2.0000E+02 7.25607
2.2000E+02 7.26845
2.5000E+02 7.24055
2.8000E+02 7.1576
3.2000E+02 6.98518
3.5000E+02 6.83285
4.0000E+02 6.57173
4.5000E+02 6.29574
5.0000E+02 6.02083
5.5000E+02 5.74516
6.3000E+02 5.32401
7.1000E+02 4.93119
8.0000E+02 4.52263
9.0000E+02 4.11852
1.0000E+03 3.75469
1.1000E+03 3.42929
1.2000E+03 3.14114
1.4000E+03 2.6556
1.6000E+03 2.26658
1.8000E+03 1.95269
2.0000E+03 1.69765
2.2000E+03 1.48789
2.5000E+03 1.23774
2.8000E+03 1.04561
3.2000E+03 0.853941
3.5000E+03 0.747702
4.0000E+03 0.61154
4.5000E+03 0.501121
5.0000E+03 0.414197
5.5000E+03 0.344894
6.3000E+03 0.261673
7.1000E+03 0.203217
8.0000E+03 0.156129
9.0000E+03 0.119246
1.0000E+04 0.0930854
1.1000E+04 0.0740623
1.2000E+04 0.0599271
1.4000E+04 0.0408508
1.6000E+04 0.0291541
1.8000E+04 0.0215757
2.0000E+04 0.0164413
3.0000E+04 0.00567242
4.0000E+04 0.00263367
5.0000E+04 0.00144522
6.0000E+04 0.000882724
7.0000E+04 0.000580933
8.0000E+04 0.000403937
9.0000E+04 0.000292964
1.0000E+05 0.000219698
