1.0000E+00 0
1.1000E+00 0
1.2000E+00 0
1.4000E+00 0
1.6000E+00 0
1.8000E+00 0
2.0000E+00 0
2.2000E+00 0
2.5000E+00 0
2.8000E+00 0
3.2000E+00 0
3.5000E+00 0
4.0000E+00 0
4.5000E+00 0
5.0000E+00 0
5.5000E+00 0
6.3000E+00 0
7.1000E+00 0
8.0000E+00 0
9.0000E+00 0
1.0000E+01 0
1.1000E+01 0
1.2000E+01 0
1.4000E+01 0
1.6000E+01 0
1.8000E+01 0
2.0000E+01 0
2.2000E+01 0
2.5000E+01 0
2.8000E+01 0
3.2000E+01 0
3.5000E+01 0
4.0000E+01 0
4.5000E+01 0
5.0000E+01 0
5.5000E+01 0
6.3000E+01 0
7.1000E+01 0
8.0000E+01 0
9.0000E+01 0
1.0000E+02 0
1.1000E+02 0
1.2000E+02 0
1.4000E+02 0
1.6000E+02 0.0341637
1.8000E+02 0.264843
2.0000E+02 0.605525
2.2000E+02 0.945436
2.5000E+02 1.40635
2.8000E+02 1.85226
3.2000E+02 2.36625
3.5000E+02 2.72986
4.0000E+02 3.47902
4.5000E+02 4.25499
5.0000E+02 4.98374
5.5000E+02 5.59794
6.3000E+02 6.2876
7.1000E+02 6.8752
8.0000E+02 7.37724
9.0000E+02 7.73108
1.0000E+03 7.9264
1.1000E+03 8.01261
1.2000E+03 8.02336
1.4000E+03 7.90588
1.6000E+03 7.68819
1.8000E+03 7.39722
2.0000E+03 7.11243
2.2000E+03 6.84946
2.5000E+03 6.42027
2.8000E+03 5.98837
3.2000E+03 5.43866
3.5000E+03 5.03042
4.0000E+03 4.39809
4.5000E+03 3.8435
5.0000E+03 3.36654
5.5000E+03 2.9608
6.3000E+03 2.44301
7.1000E+03 2.05334
8.0000E+03 1.74
9.0000E+03 1.47019
1.0000E+04 1.23198
1.1000E+04 1.03584
1.2000E+04 0.873712
1.4000E+04 0.632581
1.6000E+04 0.471665
1.8000E+04 0.359107
2.0000E+04 0.279533
3.0000E+04 0.101539
4.0000E+04 0.0481903
5.0000E+04 0.0267862
6.0000E+04 0.0165075
7.0000E+04 0.0109409
8.0000E+04 0.00765215
9.0000E+04 0.00557763
1.0000E+05 0.00420092
