1.0000E+00 3.75858e-09
1.1000E+00 4.53768e-09
1.2000E+00 5.38058e-09
1.4000E+00 7.24875e-09
1.6000E+00 9.3459e-09
1.8000E+00 1.16558e-08
2.0000E+00 1.41639e-08
2.2000E+00 1.68568e-08
2.5000E+00 2.12164e-08
2.8000E+00 2.59264e-08
3.2000E+00 3.26974e-08
3.5000E+00 3.81058e-08
4.0000E+00 4.76765e-08
4.5000E+00 5.78576e-08
5.0000E+00 6.85638e-08
5.5000E+00 7.97233e-08
6.3000E+00 9.83712e-08
7.1000E+00 1.17814e-07
8.0000E+00 1.40433e-07
9.0000E+00 1.66257e-07
1.0000E+01 1.9262e-07
1.1000E+01 2.19348e-07
1.2000E+01 2.46302e-07
1.4000E+01 3.00485e-07
1.6000E+01 3.54519e-07
1.8000E+01 4.07949e-07
2.0000E+01 4.60475e-07
2.2000E+01 5.11858e-07
2.5000E+01 5.86527e-07
2.8000E+01 6.58031e-07
3.2000E+01 7.48212e-07
3.5000E+01 8.11941e-07
4.0000E+01 9.10939e-07
4.5000E+01 1.00969e-06
5.0000E+01 1.1114e-06
5.5000E+01 1.20286e-06
6.3000E+01 1.33676e-06
7.1000E+01 1.46349e-06
8.0000E+01 1.58294e-06
9.0000E+01 1.69673e-06
1.0000E+02 1.79432e-06
1.1000E+02 1.87282e-06
1.2000E+02 1.93801e-06
1.4000E+02 2.04326e-06
1.6000E+02 2.11523e-06
1.8000E+02 2.16045e-06
2.0000E+02 2.18067e-06
2.2000E+02 2.19009e-06
2.5000E+02 2.18657e-06
2.8000E+02 2.17037e-06
3.2000E+02 2.13068e-06
3.5000E+02 2.08961e-06
4.0000E+02 2.01425e-06
4.5000E+02 1.936e-06
5.0000E+02 1.85612e-06
5.5000E+02 1.77586e-06
6.3000E+02 1.65064e-06
7.1000E+02 1.53282e-06
8.0000E+02 1.40936e-06
9.0000E+02 1.28614e-06
1.0000E+03 1.1754e-06
1.1000E+03 1.07515e-06
1.2000E+03 9.86023e-07
1.4000E+03 8.35793e-07
1.6000E+03 7.14903e-07
1.8000E+03 6.16822e-07
2.0000E+03 5.36915e-07
2.2000E+03 4.71063e-07
2.5000E+03 3.92324e-07
2.8000E+03 3.31659e-07
3.2000E+03 2.70856e-07
3.5000E+03 2.3648e-07
4.0000E+03 1.9424e-07
4.5000E+03 1.59952e-07
5.0000E+03 1.32608e-07
5.5000E+03 1.10836e-07
6.3000E+03 8.43278e-08
7.1000E+03 6.56448e-08
8.0000E+03 5.05967e-08
9.0000E+03 3.87162e-08
1.0000E+04 3.02859e-08
1.1000E+04 2.41265e-08
1.2000E+04 1.95459e-08
1.4000E+04 1.33538e-08
1.6000E+04 9.54434e-09
1.8000E+04 7.07241e-09
2.0000E+04 5.39552e-09
3.0000E+04 1.8693e-09
4.0000E+04 8.70345e-10
5.0000E+04 4.78636e-10
6.0000E+04 2.92874e-10
7.0000E+04 1.93035e-10
8.0000E+04 1.34405e-10
9.0000E+04 9.75925e-11
1.0000E+05 7.32625e-11
