12 0.000333212
13.2 0.000402265
14.4 0.000476996
16.8 0.000642624
19.2 0.000828535
21.6 0.00103332
24 0.00125565
26.4 0.0014944
30 0.00188082
33.6 0.0022985
38.4 0.00289869
42 0.00337815
48 0.00422666
54 0.00512923
60 0.00607827
66 0.00706759
75.6 0.00872084
85.2 0.0104445
96 0.012449
108 0.0147388
120 0.0170764
132 0.0194455
144 0.0218352
168 0.0266396
192 0.0314298
216 0.0361658
240 0.0408214
264 0.0453772
300 0.0519958
336 0.0583354
384 0.0663308
420 0.0719799
480 0.0808221
540 0.089889
600 0.0989126
660 0.107383
756 0.12005
852 0.131081
960 0.14158
1080 0.151438
1200 0.159581
1320 0.166443
1440 0.17248
1680 0.181752
1920 0.187908
2160 0.191806
2400 0.193956
2640 0.194618
3000 0.194227
3360 0.192262
3840 0.188516
4200 0.184987
4800 0.178625
5400 0.171535
6000 0.164163
6600 0.156986
7560 0.145944
8520 0.1355
9600 0.124534
10800 0.113622
12000 0.103781
13200 0.0948584
14400 0.0870314
16800 0.0737355
19200 0.0630638
21600 0.0543779
24000 0.0473576
26400 0.0415228
30000 0.0345763
33600 0.0292247
38400 0.0238775
42000 0.0208635
48000 0.0171068
54000 0.0140505
60000 0.0116304
66000 0.00970614
75600 0.00737474
85200 0.00573572
96000 0.00441514
108000 0.00337674
120000 0.00263964
132000 0.00210242
144000 0.00170276
168000 0.00116282
192000 0.000830999
216000 0.00061572
240000 0.000469689
360000 0.000162708
480000 7.5756e-05
600000 4.16607e-05
720000 2.5492e-05
840000 1.68028e-05
960000 1.16988e-05
1080000 8.49468e-06
1200000 6.37695e-06
