1.0000E+00 47536.5
1.1000E+00 47536.5
1.2000E+00 47536.5
1.4000E+00 47536.5
1.6000E+00 47536.5
1.8000E+00 47536.5
2.0000E+00 47536.5
2.2000E+00 47536.5
2.5000E+00 47536.5
2.8000E+00 47536.5
3.2000E+00 47536.5
3.5000E+00 47536.5
4.0000E+00 47536.5
4.5000E+00 47536.5
5.0000E+00 47536.5
5.5000E+00 47536.5
6.3000E+00 47536.5
7.1000E+00 47536.5
8.0000E+00 47536.5
9.0000E+00 47536.5
1.0000E+01 47536.5
1.1000E+01 47536.5
1.2000E+01 47536.5
1.4000E+01 47536.5
1.6000E+01 47536.5
1.8000E+01 47536.5
2.0000E+01 47535.4
2.2000E+01 47535.4
2.5000E+01 47535.4
2.8000E+01 47535.4
3.2000E+01 47534.3
3.5000E+01 47534.3
4.0000E+01 47533.2
4.5000E+01 47532.1
5.0000E+01 47531.1
5.5000E+01 47530
6.3000E+01 47527.8
7.1000E+01 47524.5
8.0000E+01 47521.3
9.0000E+01 47517
1.0000E+02 47512.6
1.1000E+02 47507.2
1.2000E+02 47502.8
1.4000E+02 47490.9
1.6000E+02 47479
1.8000E+02 47462.7
2.0000E+02 47441
2.2000E+02 47412.8
2.5000E+02 47358.5
2.8000E+02 47290.1
3.2000E+02 47172.9
3.5000E+02 47064.4
4.0000E+02 46845.2
4.5000E+02 46585.9
5.0000E+02 46291.8
5.5000E+02 45969.5
6.3000E+02 45411.7
7.1000E+02 44813.8
8.0000E+02 44106.2
9.0000E+02 43296.7
1.0000E+03 42473
1.1000E+03 41646.1
1.2000E+03 40821.4
1.4000E+03 39202.3
1.6000E+03 37639.6
1.8000E+03 36141
2.0000E+03 34707.4
2.2000E+03 33336.9
2.5000E+03 31390
2.8000E+03 29571.3
3.2000E+03 27339
3.5000E+03 25804.6
4.0000E+03 23497.5
4.5000E+03 21478
5.0000E+03 19710.2
5.5000E+03 18157.3
6.3000E+03 16035.8
7.1000E+03 14270.2
8.0000E+03 12597.9
9.0000E+03 11024.4
1.0000E+04 9696.55
1.1000E+04 8579.46
1.2000E+04 7637.31
1.4000E+04 6148.65
1.6000E+04 5055.98
1.8000E+04 4232.98
2.0000E+04 3599.77
3.0000E+04 1709.27
4.0000E+04 965.564
5.0000E+04 593.075
6.0000E+04 377.97
7.0000E+04 241.595
8.0000E+04 149.224
9.0000E+04 83.4886
1.0000E+05 34.9039
