1.0000E-01 78396768
1.5000E-01 59352480
2.0000E-01 42664320
3.0000E-01 2.3163e+07
4.0000E-01 13683168
5.0000E-01 8131104
6.0000E-01 5.97845e+06
7.0000E-01 4.56771e+06
1.0000E+00 2.39268e+06
1.5000E+00 1017360
2.0000E+00 628966
3.0000E+00 296827
4.0000E+00 171478
5.0000E+00 102678
6.0000E+00 69383.5
7.0000E+00 47705.8
1.0000E+01 25339.4
1.5000E+01 10510.6
2.0000E+01 6986.39
3.0000E+01 4926.61
4.0000E+01 4344.45
5.0000E+01 4010.77
6.0000E+01 3913.23
7.0000E+01 3652.91
1.0000E+02 2787.78
1.5000E+02 1625.18
2.0000E+02 848.413
3.0000E+02 267.062
4.0000E+02 0
