1.0000E-01 1.5428E+02
1.5000E-01 1.2132E+02
2.0000E-01 9.6913E+01
3.0000E-01 6.8604E+01
4.0000E-01 5.0869E+01
5.0000E-01 4.1150E+01
6.0000E-01 3.4280E+01
7.0000E-01 3.0132E+01
1.0000E+00 2.2547E+01
1.5000E+00 1.6966E+01
2.0000E+00 1.3686E+01
3.0000E+00 1.0524E+01
4.0000E+00 8.6121E+00
5.0000E+00 7.5938E+00
6.0000E+00 6.8547E+00
7.0000E+00 6.3969E+00
1.0000E+01 5.5305E+00
1.5000E+01 4.9783E+00
2.0000E+01 4.6291E+00
3.0000E+01 4.1301E+00
4.0000E+01 3.7033E+00
5.0000E+01 3.3390E+00
6.0000E+01 2.9871E+00
7.0000E+01 2.6537E+00
1.0000E+02 1.8283E+00
1.5000E+02 8.6531E-01
2.0000E+02 4.2015E-01
3.0000E+02 9.8242E-02
4.0000E+02 2.0689E-02
