1.0000E+00 1.07266e-11
1.1000E+00 1.34304e-11
1.2000E+00 1.64624e-11
1.4000E+00 2.35186e-11
1.6000E+00 3.18974e-11
1.8000E+00 4.1595e-11
2.0000E+00 5.2595e-11
2.2000E+00 6.48812e-11
2.5000E+00 8.56755e-11
2.8000E+00 1.09237e-10
3.2000E+00 1.44804e-10
3.5000E+00 1.74496e-10
4.0000E+00 2.29421e-10
4.5000E+00 2.90814e-10
5.0000E+00 3.58299e-10
5.5000E+00 4.31499e-10
6.3000E+00 5.59648e-10
7.1000E+00 7.00233e-10
8.0000E+00 8.71777e-10
9.0000E+00 1.07723e-09
1.0000E+01 1.29657e-09
1.1000E+01 1.52818e-09
1.2000E+01 1.77058e-09
1.4000E+01 2.28265e-09
1.6000E+01 2.82437e-09
1.8000E+01 3.38856e-09
2.0000E+01 3.96959e-09
2.2000E+01 4.5628e-09
2.5000E+01 5.46687e-09
2.8000E+01 6.37897e-09
3.2000E+01 7.59415e-09
3.5000E+01 8.49684e-09
4.0000E+01 1.00435e-08
4.5000E+01 1.17033e-08
5.0000E+01 1.32948e-08
5.5000E+01 1.48472e-08
6.3000E+01 1.73529e-08
7.1000E+01 1.96815e-08
8.0000E+01 2.20956e-08
9.0000E+01 2.45862e-08
1.0000E+02 2.6788e-08
1.1000E+02 2.87712e-08
1.2000E+02 3.05899e-08
1.4000E+02 3.37839e-08
1.6000E+02 3.62909e-08
1.8000E+02 3.81874e-08
2.0000E+02 3.97059e-08
2.2000E+02 4.08954e-08
2.5000E+02 4.2233e-08
2.8000E+02 4.3077e-08
3.2000E+02 4.35254e-08
3.5000E+02 4.35367e-08
4.0000E+02 4.31876e-08
4.5000E+02 4.24754e-08
5.0000E+02 4.14869e-08
5.5000E+02 4.03126e-08
6.3000E+02 3.8254e-08
7.1000E+02 3.60786e-08
8.0000E+02 3.36545e-08
9.0000E+02 3.1091e-08
1.0000E+03 2.86531e-08
1.1000E+03 2.64087e-08
1.2000E+03 2.43664e-08
1.4000E+03 2.08207e-08
1.6000E+03 1.7893e-08
1.8000E+03 1.54928e-08
2.0000E+03 1.35133e-08
2.2000E+03 1.18682e-08
2.5000E+03 9.892e-09
2.8000E+03 8.36772e-09
3.2000E+03 6.84319e-09
3.5000E+03 6.01034e-09
4.0000E+03 4.88308e-09
4.5000E+03 3.97876e-09
5.0000E+03 3.27339e-09
5.5000E+03 2.71032e-09
6.3000E+03 2.04477e-09
7.1000E+03 1.57904e-09
8.0000E+03 1.20526e-09
9.0000E+03 9.15348e-10
1.0000E+04 7.10708e-10
1.1000E+04 5.62889e-10
1.2000E+04 4.53466e-10
1.4000E+04 3.06753e-10
1.6000E+04 2.17502e-10
1.8000E+04 1.6004e-10
2.0000E+04 1.21322e-10
3.0000E+04 4.10247e-11
4.0000E+04 1.87772e-11
5.0000E+04 1.01899e-11
6.0000E+04 6.16759e-12
7.0000E+04 4.02787e-12
8.0000E+04 2.78204e-12
9.0000E+04 2.00583e-12
1.0000E+05 1.4964e-12
