1.0000E+00 0.0147128
1.1000E+00 0.0177029
1.2000E+00 0.0209275
1.4000E+00 0.0280434
1.6000E+00 0.0359878
1.8000E+00 0.0446986
2.0000E+00 0.0541173
2.2000E+00 0.0641919
2.5000E+00 0.0804334
2.8000E+00 0.0979039
3.2000E+00 0.122894
3.5000E+00 0.142785
4.0000E+00 0.177811
4.5000E+00 0.214899
5.0000E+00 0.253736
5.5000E+00 0.294049
6.3000E+00 0.361126
7.1000E+00 0.430722
8.0000E+00 0.511283
9.0000E+00 0.602854
1.0000E+01 0.695901
1.1000E+01 0.78985
1.2000E+01 0.884266
1.4000E+01 1.0731
1.6000E+01 1.26021
1.8000E+01 1.44435
2.0000E+01 1.62448
2.2000E+01 1.79982
2.5000E+01 2.05345
2.8000E+01 2.29503
3.2000E+01 2.59784
3.5000E+01 2.81064
4.0000E+01 3.14179
4.5000E+01 3.48065
5.0000E+01 3.81679
5.5000E+01 4.13079
6.3000E+01 4.59754
7.1000E+01 5.00089
8.0000E+01 5.3809
9.0000E+01 5.73431
1.0000E+02 6.02289
1.1000E+02 6.26306
1.2000E+02 6.47304
1.4000E+02 6.78953
1.6000E+02 6.99213
1.8000E+02 7.11308
2.0000E+02 7.17171
2.2000E+02 7.17714
2.5000E+02 7.13827
2.8000E+02 7.04511
3.2000E+02 6.88464
3.5000E+02 6.741
4.0000E+02 6.48824
4.5000E+02 6.2142
5.0000E+02 5.93343
5.5000E+02 5.66254
6.3000E+02 5.24985
7.1000E+02 4.8629
8.0000E+02 4.45987
9.0000E+02 4.06065
1.0000E+03 3.70246
1.1000E+03 3.37891
1.2000E+03 3.09608
1.4000E+03 2.61716
1.6000E+03 2.23433
1.8000E+03 1.9236
2.0000E+03 1.67312
2.2000E+03 1.46531
2.5000E+03 1.21841
2.8000E+03 1.02845
3.2000E+03 0.839088
3.5000E+03 0.73248
4.0000E+03 0.599738
4.5000E+03 0.492011
5.0000E+03 0.406836
5.5000E+03 0.339205
6.3000E+03 0.257384
7.1000E+03 0.199949
8.0000E+03 0.15374
9.0000E+03 0.117444
1.0000E+04 0.0917174
1.1000E+04 0.072982
1.2000E+04 0.0590607
1.4000E+04 0.0402742
1.6000E+04 0.0287437
1.8000E+04 0.0212728
2.0000E+04 0.0162111
3.0000E+04 0.00559349
4.0000E+04 0.00259708
5.0000E+04 0.00142514
6.0000E+04 0.000870444
7.0000E+04 0.000572855
8.0000E+04 0.000398323
9.0000E+04 0.000288892
1.0000E+05 0.000216647
