1.0000E+00 0.000310411
1.1000E+00 0.000374568
1.2000E+00 0.000443957
1.4000E+00 0.000597664
1.6000E+00 0.000770068
1.8000E+00 0.000959844
2.0000E+00 0.00116575
2.2000E+00 0.00138681
2.5000E+00 0.00174434
2.8000E+00 0.00213043
3.2000E+00 0.00268513
3.5000E+00 0.00312789
4.0000E+00 0.00391103
4.5000E+00 0.00474357
5.0000E+00 0.00561857
5.5000E+00 0.00653026
6.3000E+00 0.00805268
7.1000E+00 0.00963915
8.0000E+00 0.0114838
9.0000E+00 0.013588
1.0000E+01 0.0157355
1.1000E+01 0.0179114
1.2000E+01 0.0201056
1.4000E+01 0.0245137
1.6000E+01 0.0289066
1.8000E+01 0.0332484
2.0000E+01 0.0375132
2.2000E+01 0.0416857
2.5000E+01 0.0477463
2.8000E+01 0.0535484
3.2000E+01 0.060863
3.5000E+01 0.0660311
4.0000E+01 0.0740807
4.5000E+01 0.0820978
5.0000E+01 0.0902072
5.5000E+01 0.0977367
6.3000E+01 0.108411
7.1000E+01 0.118247
8.0000E+01 0.127997
9.0000E+01 0.137074
1.0000E+02 0.144707
1.1000E+02 0.151319
1.2000E+02 0.156932
1.4000E+02 0.165118
1.6000E+02 0.17058
1.8000E+02 0.174054
2.0000E+02 0.175954
2.2000E+02 0.176834
2.5000E+02 0.176953
2.8000E+02 0.175639
3.2000E+02 0.172252
3.5000E+02 0.169049
4.0000E+02 0.163414
4.5000E+02 0.157269
5.0000E+02 0.151026
5.5000E+02 0.144663
6.3000E+02 0.134805
7.1000E+02 0.125489
8.0000E+02 0.115685
9.0000E+02 0.105896
1.0000E+03 0.0970006
1.1000E+03 0.0889846
1.2000E+03 0.0818405
1.4000E+03 0.0697042
1.6000E+03 0.0598869
1.8000E+03 0.0519046
2.0000E+03 0.0453718
2.2000E+03 0.0399637
2.5000E+03 0.0334743
2.8000E+03 0.028456
3.2000E+03 0.0234139
3.5000E+03 0.0206062
4.0000E+03 0.0169841
4.5000E+03 0.0140147
5.0000E+03 0.0116575
5.5000E+03 0.00976303
6.3000E+03 0.00746909
7.1000E+03 0.00584375
8.0000E+03 0.0045235
9.0000E+03 0.00348076
1.0000E+04 0.00273573
1.1000E+04 0.00219014
1.2000E+04 0.00178212
1.4000E+04 0.00122721
1.6000E+04 0.000883571
1.8000E+04 0.000659041
2.0000E+04 0.000505746
3.0000E+04 0.000179331
4.0000E+04 8.4912e-05
5.0000E+04 4.7312e-05
6.0000E+04 2.92627e-05
7.0000E+04 1.9465e-05
8.0000E+04 1.36596e-05
9.0000E+04 9.98821e-06
1.0000E+05 7.5452e-06
