  4.0000E-02   2.2129E+04   1.9652E+05
  1.0000E-01   1.2237E+04   1.3321E+05
  2.0000E-01   4.1919E+03   5.0737E+04
  3.0000E-01   2.0897E+03   1.4327E+04
  4.0000E-01   1.3266E+03   6.0710E+03
  5.0000E-01   8.7553E+02   3.1720E+03
  6.0000E-01   6.9217E+02   1.6165E+03
  7.0000E-01   5.5222E+02   1.2011E+03
  8.0000E-01   4.5194E+02   8.9358E+02
  1.0000E+00   3.1691E+02   5.6322E+02
  1.2500E+00   2.1109E+02   3.5174E+02
  1.5000E+00   1.4104E+02   2.2765E+02
  1.7500E+00   9.7260E+01   1.4751E+02
  2.0000E+00   6.7285E+01   1.0128E+02
  2.2500E+00   4.6619E+01   6.9854E+01
  2.5000E+00   3.2358E+01   4.9124E+01
  2.7500E+00   2.2057E+01   3.4052E+01
  3.0000E+00   1.5332E+01   2.2808E+01
  3.2500E+00   1.0653E+01   1.5671E+01
  3.5000E+00   7.4963E+00   1.1312E+01
  3.7500E+00   4.9967E+00   8.2565E+00
  4.0000E+00   3.3681E+00   5.8728E+00
  4.2500E+00   2.0604E+00   4.1978E+00
  4.5000E+00   1.2692E+00   2.6358E+00
  4.7500E+00   7.4243E-01   1.6624E+00
  5.0000E+00   4.3800E-01   1.0342E+00
  5.5000E+00   1.0438E-01   4.2208E-01
  6.0000E+00   1.5918E-02   1.0438E-01
  6.5000E+00   0.0000E+00   1.5918E-02
  7.0000E+00   0.0000E+00   0.0000E+00
