1.0000E+00 6933.93
1.1000E+00 6933.93
1.2000E+00 6933.93
1.4000E+00 6933.93
1.6000E+00 6933.93
1.8000E+00 6933.93
2.0000E+00 6933.93
2.2000E+00 6933.93
2.5000E+00 6933.93
2.8000E+00 6933.93
3.2000E+00 6933.93
3.5000E+00 6933.93
4.0000E+00 6933.93
4.5000E+00 6933.93
5.0000E+00 6933.93
5.5000E+00 6933.93
6.3000E+00 6933.93
7.1000E+00 6933.93
8.0000E+00 6933.93
9.0000E+00 6933.93
1.0000E+01 6933.93
1.1000E+01 6933.93
1.2000E+01 6933.93
1.4000E+01 6933.93
1.6000E+01 6933.93
1.8000E+01 6933.93
2.0000E+01 6933.93
2.2000E+01 6933.93
2.5000E+01 6933.93
2.8000E+01 6933.93
3.2000E+01 6933.93
3.5000E+01 6933.93
4.0000E+01 6933.93
4.5000E+01 6933.83
5.0000E+01 6933.72
5.5000E+01 6933.5
6.3000E+01 6932.63
7.1000E+01 6931.44
8.0000E+01 6929.59
9.0000E+01 6926.88
1.0000E+02 6923.51
1.1000E+02 6919.28
1.2000E+02 6914.28
1.4000E+02 6901.58
1.6000E+02 6885.29
1.8000E+02 6865.86
2.0000E+02 6843.6
2.2000E+02 6818.96
2.5000E+02 6777.7
2.8000E+02 6732.1
3.2000E+02 6666.19
3.5000E+02 6613.53
4.0000E+02 6521.36
4.5000E+02 6425.05
5.0000E+02 6326.03
5.5000E+02 6225.28
6.3000E+02 6062.09
7.1000E+02 5898.36
8.0000E+02 5714.87
9.0000E+02 5513.14
1.0000E+03 5315.43
1.1000E+03 5123.26
1.2000E+03 4937.16
1.4000E+03 4585.71
1.6000E+03 4263.57
1.8000E+03 3970.75
2.0000E+03 3705.61
2.2000E+03 3465.77
2.5000E+03 3147.11
2.8000E+03 2870.68
3.2000E+03 2554.3
3.5000E+03 2348.44
4.0000E+03 2049.22
4.5000E+03 1796.67
5.0000E+03 1584.74
5.5000E+03 1406.46
6.3000E+03 1175.96
7.1000E+03 997.453
8.0000E+03 841.064
9.0000E+03 707.161
1.0000E+04 603.527
1.1000E+04 521.739
1.2000E+04 456.063
1.4000E+04 357.131
1.6000E+04 288.328
1.8000E+04 238.438
2.0000E+04 201.035
3.0000E+04 92.219
4.0000E+04 51.339
5.0000E+04 31.2637
6.0000E+04 19.806
7.0000E+04 12.6021
8.0000E+04 7.75518
9.0000E+04 4.32524
1.0000E+05 1.80199
