1.0000E+00 0.0192262
1.1000E+00 0.0233563
1.2000E+00 0.0278708
1.4000E+00 0.0380289
1.6000E+00 0.0496528
1.8000E+00 0.0626968
2.0000E+00 0.0771143
2.2000E+00 0.0928618
2.5000E+00 0.118888
2.8000E+00 0.147671
3.2000E+00 0.190145
3.5000E+00 0.22491
4.0000E+00 0.288067
4.5000E+00 0.357369
5.0000E+00 0.432383
5.5000E+00 0.512738
6.3000E+00 0.65156
7.1000E+00 0.801913
8.0000E+00 0.98348
9.0000E+00 1.19909
1.0000E+01 1.42752
1.1000E+01 1.66769
1.2000E+01 1.91795
1.4000E+01 2.44529
1.6000E+01 3.00195
1.8000E+01 3.58195
2.0000E+01 4.18051
2.2000E+01 4.79341
2.5000E+01 5.73257
2.8000E+01 6.68736
3.2000E+01 7.97222
3.5000E+01 8.93744
4.0000E+01 10.5364
4.5000E+01 12.1103
5.0000E+01 13.6488
5.5000E+01 15.1438
6.3000E+01 17.4336
7.1000E+01 19.5866
8.0000E+01 21.8395
9.0000E+01 24.1304
1.0000E+02 26.2053
1.1000E+02 28.0717
1.2000E+02 29.7426
1.4000E+02 32.5525
1.6000E+02 34.9454
1.8000E+02 37.2743
2.0000E+02 39.2721
2.2000E+02 40.9539
2.5000E+02 42.804
2.8000E+02 43.9766
3.2000E+02 44.7312
3.5000E+02 44.8658
4.0000E+02 44.6649
4.5000E+02 44.0949
5.0000E+02 43.2394
5.5000E+02 42.1873
6.3000E+02 40.3068
7.1000E+02 38.2363
8.0000E+02 35.9823
9.0000E+02 33.5535
1.0000E+03 31.305
1.1000E+03 29.2117
1.2000E+03 27.3084
1.4000E+03 23.8503
1.6000E+03 20.9536
1.8000E+03 18.5172
2.0000E+03 16.4348
2.2000E+03 14.6531
2.5000E+03 12.4664
2.8000E+03 10.6831
3.2000E+03 8.84157
3.5000E+03 7.73227
4.0000E+03 6.28814
4.5000E+03 5.20023
5.0000E+03 4.36661
5.5000E+03 3.71484
6.3000E+03 2.93659
7.1000E+03 2.38536
8.0000E+03 1.9503
9.0000E+03 1.59668
1.0000E+04 1.31113
1.1000E+04 1.0866
1.2000E+04 0.907576
1.4000E+04 0.648618
1.6000E+04 0.479612
1.8000E+04 0.363384
2.0000E+04 0.281944
3.0000E+04 0.101858
4.0000E+04 0.048288
5.0000E+04 0.0268339
6.0000E+04 0.0165368
7.0000E+04 0.0109605
8.0000E+04 0.00766572
9.0000E+04 0.00558762
1.0000E+05 0.00420842
