1.0000E+00 0.536626
1.1000E+00 0.536626
1.2000E+00 0.536626
1.4000E+00 0.536626
1.6000E+00 0.536626
1.8000E+00 0.536626
2.0000E+00 0.536626
2.2000E+00 0.536626
2.5000E+00 0.536626
2.8000E+00 0.536626
3.2000E+00 0.536626
3.5000E+00 0.536626
4.0000E+00 0.536626
4.5000E+00 0.536626
5.0000E+00 0.536626
5.5000E+00 0.536626
6.3000E+00 0.536626
7.1000E+00 0.536626
8.0000E+00 0.536626
9.0000E+00 0.536626
1.0000E+01 0.536626
1.1000E+01 0.536626
1.2000E+01 0.536626
1.4000E+01 0.536626
1.6000E+01 0.536613
1.8000E+01 0.536613
2.0000E+01 0.536613
2.2000E+01 0.536613
2.5000E+01 0.536613
2.8000E+01 0.536613
3.2000E+01 0.536613
3.5000E+01 0.536601
4.0000E+01 0.536601
4.5000E+01 0.536588
5.0000E+01 0.536588
5.5000E+01 0.536576
6.3000E+01 0.536563
7.1000E+01 0.536538
8.0000E+01 0.536513
9.0000E+01 0.536488
1.0000E+02 0.53645
1.1000E+02 0.536425
1.2000E+02 0.536387
1.4000E+02 0.536312
1.6000E+02 0.536224
1.8000E+02 0.536098
2.0000E+02 0.53591
2.2000E+02 0.535646
2.5000E+02 0.535119
2.8000E+02 0.534428
3.2000E+02 0.533285
3.5000E+02 0.532205
4.0000E+02 0.530007
4.5000E+02 0.527332
5.0000E+02 0.524254
5.5000E+02 0.520851
6.3000E+02 0.51486
7.1000E+02 0.508379
8.0000E+02 0.500679
9.0000E+02 0.491799
1.0000E+03 0.482731
1.1000E+03 0.473575
1.2000E+03 0.464444
1.4000E+03 0.446445
1.6000E+03 0.428987
1.8000E+03 0.412244
2.0000E+03 0.396218
2.2000E+03 0.380895
2.5000E+03 0.359103
2.8000E+03 0.338693
3.2000E+03 0.31356
3.5000E+03 0.29624
4.0000E+03 0.27009
4.5000E+03 0.247118
5.0000E+03 0.226947
5.5000E+03 0.209199
6.3000E+03 0.184883
7.1000E+03 0.164624
8.0000E+03 0.145395
9.0000E+03 0.127296
1.0000E+04 0.111992
1.1000E+04 0.099111
1.2000E+04 0.0882403
1.4000E+04 0.0710557
1.6000E+04 0.0584354
1.8000E+04 0.0489275
2.0000E+04 0.04161
3.0000E+04 0.0197594
4.0000E+04 0.0111628
5.0000E+04 0.00685663
6.0000E+04 0.00436975
7.0000E+04 0.00279309
8.0000E+04 0.00172512
9.0000E+04 0.000965211
1.0000E+05 0.000403528
