1.0000E+00 1.65955e-07
1.1000E+00 1.99691e-07
1.2000E+00 2.36065e-07
1.4000E+00 3.16324e-07
1.6000E+00 4.05952e-07
1.8000E+00 5.04196e-07
2.0000E+00 6.10441e-07
2.2000E+00 7.24097e-07
2.5000E+00 9.07284e-07
2.8000E+00 1.10435e-06
3.2000E+00 1.38625e-06
3.5000E+00 1.61057e-06
4.0000E+00 2.00571e-06
4.5000E+00 2.42408e-06
5.0000E+00 2.86217e-06
5.5000E+00 3.31697e-06
6.3000E+00 4.07358e-06
7.1000E+00 4.85846e-06
8.0000E+00 5.7673e-06
9.0000E+00 6.80024e-06
1.0000E+01 7.84975e-06
1.1000E+01 8.90956e-06
1.2000E+01 9.97452e-06
1.4000E+01 1.21046e-05
1.6000E+01 1.42154e-05
1.8000E+01 1.62928e-05
2.0000E+01 1.83238e-05
2.2000E+01 2.0302e-05
2.5000E+01 2.31632e-05
2.8000E+01 2.58874e-05
3.2000E+01 2.93037e-05
3.5000E+01 3.1704e-05
4.0000E+01 3.54117e-05
4.5000E+01 3.90968e-05
5.0000E+01 4.28861e-05
5.5000E+01 4.6271e-05
6.3000E+01 5.11946e-05
7.1000E+01 5.5833e-05
8.0000E+01 6.01624e-05
9.0000E+01 6.42469e-05
1.0000E+02 6.77198e-05
1.1000E+02 7.04742e-05
1.2000E+02 7.27312e-05
1.4000E+02 7.63309e-05
1.6000E+02 7.87098e-05
1.8000E+02 8.01215e-05
2.0000E+02 8.06302e-05
2.2000E+02 8.07671e-05
2.5000E+02 8.03626e-05
2.8000E+02 7.95324e-05
3.2000E+02 7.78117e-05
3.5000E+02 7.61463e-05
4.0000E+02 7.31683e-05
4.5000E+02 7.01338e-05
5.0000E+02 6.70867e-05
5.5000E+02 6.4056e-05
6.3000E+02 5.93749e-05
7.1000E+02 5.50103e-05
8.0000E+02 5.04698e-05
9.0000E+02 4.59621e-05
1.0000E+03 4.19328e-05
1.1000E+03 3.8298e-05
1.2000E+03 3.50763e-05
1.4000E+03 2.96655e-05
1.6000E+03 2.53285e-05
1.8000E+03 2.18205e-05
2.0000E+03 1.89681e-05
2.2000E+03 1.66232e-05
2.5000E+03 1.38235e-05
2.8000E+03 1.16716e-05
3.2000E+03 9.51809e-06
3.5000E+03 8.30216e-06
4.0000E+03 6.80978e-06
4.5000E+03 5.60126e-06
5.0000E+03 4.63866e-06
5.5000E+03 3.87338e-06
6.3000E+03 2.94318e-06
7.1000E+03 2.28843e-06
8.0000E+03 1.76179e-06
9.0000E+03 1.34656e-06
1.0000E+04 1.05229e-06
1.1000E+04 8.37538e-07
1.2000E+04 6.77951e-07
1.4000E+04 4.62484e-07
1.6000E+04 3.30127e-07
1.8000E+04 2.44355e-07
2.0000E+04 1.86227e-07
3.0000E+04 6.4262e-08
4.0000E+04 2.98375e-08
5.0000E+04 1.6372e-08
6.0000E+04 1.00003e-08
7.0000E+04 6.58144e-09
8.0000E+04 4.57624e-09
9.0000E+04 3.31898e-09
1.0000E+05 2.48902e-09
