1.0000E-01 22302432
1.5000E-01 18449856
2.0000E-01 15422400
3.0000E-01 1.15793e+07
4.0000E-01 8965728
5.0000E-01 7.39731e+06
6.0000E-01 6.23177e+06
7.0000E-01 5.47543e+06
1.0000E+00 4.03237e+06
1.5000E+00 2.95721e+06
2.0000E+00 2309472
3.0000E+00 1.70268e+06
4.0000E+00 1.33739e+06
5.0000E+00 1.14316e+06
6.0000E+00 1004400
7.0000E+00 922234
1.0000E+01 772433
1.5000E+01 676581
2.0000E+01 621855
3.0000E+01 547232
4.0000E+01 489093
5.0000E+01 440450
6.0000E+01 392273
7.0000E+01 346758
1.0000E+02 237410
1.5000E+02 112648
2.0000E+02 55462.8
3.0000E+02 13340.2
4.0000E+02 2984.69
