1.0000E-01   4.5938e+07
1.5000E-01   38356416
2.0000E-01   32431104
3.0000E-01   24569568
4.0000E-01   19224000
5.0000E-01   16123104
6.0000E-01   13785120
7.0000E-01   12220416
1.0000E+00   9014112
1.5000E+00   6576336
2.0000E+00   5.09354e+06
3.0000E+00   3.68427e+06
4.0000E+00   2850336
5.0000E+00   2.41773e+06
6.0000E+00   2114640
7.0000E+00   1.93355e+06
1.0000E+01   1615680
1.5000E+01   1.40435e+06
2.0000E+01   1.29047e+06
3.0000E+01   1.14333e+06
4.0000E+01   1.03732e+06
5.0000E+01   947376
6.0000E+01   844128
7.0000E+01   750997
1.0000E+02   524206
1.5000E+02   269343
2.0000E+02   143052
3.0000E+02   40737.6
4.0000E+02   11626.8
