1.0000E+00 0.00034829
1.1000E+00 0.000423113
1.2000E+00 0.000504882
1.4000E+00 0.000688897
1.6000E+00 0.000899476
1.8000E+00 0.00113575
2.0000E+00 0.00139696
2.2000E+00 0.00168225
2.5000E+00 0.00215366
2.8000E+00 0.0026752
3.2000E+00 0.00344448
3.5000E+00 0.00407421
4.0000E+00 0.00521843
4.5000E+00 0.00647377
5.0000E+00 0.00783275
5.5000E+00 0.00928831
6.3000E+00 0.0118035
7.1000E+00 0.0145274
8.0000E+00 0.0178166
9.0000E+00 0.021721
1.0000E+01 0.025861
1.1000E+01 0.0302094
1.2000E+01 0.0347454
1.4000E+01 0.0442972
1.6000E+01 0.0543807
1.8000E+01 0.0648886
2.0000E+01 0.0757307
2.2000E+01 0.0868343
2.5000E+01 0.103848
2.8000E+01 0.121139
3.2000E+01 0.144416
3.5000E+01 0.161909
4.0000E+01 0.190873
4.5000E+01 0.219381
5.0000E+01 0.247259
5.5000E+01 0.274335
6.3000E+01 0.315821
7.1000E+01 0.354823
8.0000E+01 0.395636
9.0000E+01 0.437145
1.0000E+02 0.474714
1.1000E+02 0.508528
1.2000E+02 0.538805
1.4000E+02 0.589689
1.6000E+02 0.65442
1.8000E+02 0.901245
2.0000E+02 1.28052
2.2000E+02 1.57764
2.5000E+02 2.03798
2.8000E+02 2.54562
3.2000E+02 3.28811
3.5000E+02 3.94139
4.0000E+02 4.83873
4.5000E+02 5.55093
5.0000E+02 6.18978
5.5000E+02 6.69515
6.3000E+02 7.25011
7.1000E+02 7.70665
8.0000E+02 8.00627
9.0000E+02 8.19813
1.0000E+03 8.2767
1.1000E+03 8.26216
1.2000E+03 8.22504
1.4000E+03 7.96395
1.6000E+03 7.66585
1.8000E+03 7.32391
2.0000E+03 7.00334
2.2000E+03 6.70242
2.5000E+03 6.27953
2.8000E+03 5.84751
3.2000E+03 5.31089
3.5000E+03 4.92109
4.0000E+03 4.30818
4.5000E+03 3.76776
5.0000E+03 3.30319
5.5000E+03 2.90688
6.3000E+03 2.39826
7.1000E+03 2.01443
8.0000E+03 1.70255
9.0000E+03 1.44373
1.0000E+04 1.2128
1.1000E+04 1.02124
1.2000E+04 0.863047
1.4000E+04 0.625641
1.6000E+04 0.467052
1.8000E+04 0.355984
2.0000E+04 0.277243
3.0000E+04 0.100854
4.0000E+04 0.0478794
5.0000E+04 0.0266174
6.0000E+04 0.0164026
7.0000E+04 0.0108725
8.0000E+04 0.00760388
9.0000E+04 0.00554247
1.0000E+05 0.00417438
