1.0000E+00 0.0197072
1.1000E+00 0.0239404
1.2000E+00 0.0285678
1.4000E+00 0.03898
1.6000E+00 0.0508949
1.8000E+00 0.0642646
2.0000E+00 0.0790436
2.2000E+00 0.0951853
2.5000E+00 0.121863
2.8000E+00 0.151373
3.2000E+00 0.1949
3.5000E+00 0.230534
4.0000E+00 0.295276
4.5000E+00 0.366305
5.0000E+00 0.443197
5.5000E+00 0.525561
6.3000E+00 0.667857
7.1000E+00 0.821977
8.0000E+00 1.00808
9.0000E+00 1.22905
1.0000E+01 1.46324
1.1000E+01 1.70938
1.2000E+01 1.96594
1.4000E+01 2.50642
1.6000E+01 3.07708
1.8000E+01 3.67163
2.0000E+01 4.28507
2.2000E+01 4.91338
2.5000E+01 5.87599
2.8000E+01 6.85468
3.2000E+01 8.17167
3.5000E+01 9.16099
4.0000E+01 10.8
4.5000E+01 12.4132
5.0000E+01 13.9908
5.5000E+01 15.5227
6.3000E+01 17.8701
7.1000E+01 20.0774
8.0000E+01 22.3857
9.0000E+01 24.7341
1.0000E+02 26.8611
1.1000E+02 28.7741
1.2000E+02 30.4874
1.4000E+02 33.3668
1.6000E+02 35.7369
1.8000E+02 38.0322
2.0000E+02 39.9876
2.2000E+02 41.4837
2.5000E+02 43.1851
2.8000E+02 44.4293
3.2000E+02 45.2784
3.5000E+02 45.4944
4.0000E+02 45.4163
4.5000E+02 44.8072
5.0000E+02 43.8713
5.5000E+02 42.7606
6.3000E+02 40.7748
7.1000E+02 38.7205
8.0000E+02 36.5013
9.0000E+02 34.0953
1.0000E+03 31.7469
1.1000E+03 29.6069
1.2000E+03 27.6558
1.4000E+03 24.2043
1.6000E+03 21.2587
1.8000E+03 18.7713
2.0000E+03 16.6628
2.2000E+03 14.8626
2.5000E+03 12.639
2.8000E+03 10.8423
3.2000E+03 8.96404
3.5000E+03 7.84649
4.0000E+03 6.37999
4.5000E+03 5.27786
5.0000E+03 4.43295
5.5000E+03 3.77217
6.3000E+03 2.98523
7.1000E+03 2.42694
8.0000E+03 1.99145
9.0000E+03 1.62752
1.0000E+04 1.33534
1.1000E+04 1.10625
1.2000E+04 0.922722
1.4000E+04 0.659377
1.6000E+04 0.487245
1.8000E+04 0.368976
2.0000E+04 0.2862
3.0000E+04 0.103317
4.0000E+04 0.0489742
5.0000E+04 0.0272128
6.0000E+04 0.0167703
7.0000E+04 0.0111147
8.0000E+04 0.00777386
9.0000E+04 0.00566634
1.0000E+05 0.0042677
