1.0000E+00 107120
1.1000E+00 107120
1.2000E+00 107120
1.4000E+00 107120
1.6000E+00 107120
1.8000E+00 107120
2.0000E+00 107120
2.2000E+00 107120
2.5000E+00 107120
2.8000E+00 107120
3.2000E+00 107120
3.5000E+00 107120
4.0000E+00 107120
4.5000E+00 107120
5.0000E+00 107120
5.5000E+00 107119
6.3000E+00 107119
7.1000E+00 107117
8.0000E+00 107117
9.0000E+00 107116
1.0000E+01 107114
1.1000E+01 107113
1.2000E+01 107111
1.4000E+01 107107
1.6000E+01 107101
1.8000E+01 107095
2.0000E+01 107087
2.2000E+01 107078
2.5000E+01 107062
2.8000E+01 107044
3.2000E+01 107014
3.5000E+01 106989
4.0000E+01 106940
4.5000E+01 106884
5.0000E+01 106819
5.5000E+01 106747
6.3000E+01 106617
7.1000E+01 106469
8.0000E+01 106283
9.0000E+01 106052
1.0000E+02 105802
1.1000E+02 105530
1.2000E+02 105240
1.4000E+02 104618
1.6000E+02 103943
1.8000E+02 103221
2.0000E+02 102455
2.2000E+02 101653
2.5000E+02 100397
2.8000E+02 99095
3.2000E+02 97320.9
3.5000E+02 95976.8
4.0000E+02 93738
4.5000E+02 91518.7
5.0000E+02 89336.4
5.5000E+02 87200.8
6.3000E+02 83900.1
7.1000E+02 80759.1
8.0000E+02 77419.4
9.0000E+02 73941.8
1.0000E+03 70698.7
1.1000E+03 67673.8
1.2000E+03 64847.7
1.4000E+03 59731.7
1.6000E+03 55250.9
1.8000E+03 51304.2
2.0000E+03 47809.2
2.2000E+03 44699.7
2.5000E+03 40632.5
2.8000E+03 37160.3
3.2000E+03 33255
3.5000E+03 30768.6
4.0000E+03 27263.9
4.5000E+03 24392.1
5.0000E+03 22000.2
5.5000E+03 19979.7
6.3000E+03 17319.6
7.1000E+03 15190.5
8.0000E+03 13239.4
9.0000E+03 11466.4
1.0000E+04 10012
1.1000E+04 8813.12
1.2000E+04 7815.99
1.4000E+04 6259.8
1.6000E+04 5131.62
1.8000E+04 4288.54
2.0000E+04 3643.29
3.0000E+04 1724.25
4.0000E+04 973.513
5.0000E+04 597.903
6.0000E+04 381.049
7.0000E+04 243.563
8.0000E+04 150.439
9.0000E+04 84.1672
1.0000E+05 35.1876
