1.0000E+00 12200.4
1.1000E+00 12200.4
1.2000E+00 12200.4
1.4000E+00 12200.4
1.6000E+00 12200.4
1.8000E+00 12200.4
2.0000E+00 12200.4
2.2000E+00 12200.4
2.5000E+00 12200.4
2.8000E+00 12200.4
3.2000E+00 12200.4
3.5000E+00 12200.4
4.0000E+00 12200.4
4.5000E+00 12200.4
5.0000E+00 12199.3
5.5000E+00 12199.3
6.3000E+00 12199.3
7.1000E+00 12199.3
8.0000E+00 12198.2
9.0000E+00 12198.2
1.0000E+01 12197.1
1.1000E+01 12197.1
1.2000E+01 12196.1
1.4000E+01 12193.9
1.6000E+01 12191.7
1.8000E+01 12188.5
2.0000E+01 12185.2
2.2000E+01 12181.9
2.5000E+01 12176.5
2.8000E+01 12168.9
3.2000E+01 12159.1
3.5000E+01 12151.5
4.0000E+01 12136.3
4.5000E+01 12119
5.0000E+01 12100.5
5.5000E+01 12079.9
6.3000E+01 12045.1
7.1000E+01 12006.1
8.0000E+01 11958.3
9.0000E+01 11902.9
1.0000E+02 11843.2
1.1000E+02 11780.2
1.2000E+02 11716.2
1.4000E+02 11580.4
1.6000E+02 11441.5
1.8000E+02 11298.2
2.0000E+02 11153.7
2.2000E+02 11008.3
2.5000E+02 10790.8
2.8000E+02 10574.7
3.2000E+02 10291.9
3.5000E+02 10084.6
4.0000E+02 9749.57
4.5000E+02 9427.87
5.0000E+02 9119.95
5.5000E+02 8825.83
6.3000E+02 8383.06
7.1000E+02 7972.77
8.0000E+02 7547.37
9.0000E+02 7115.36
1.0000E+03 6721.67
1.1000E+03 6362.51
1.2000E+03 6033.97
1.4000E+03 5454.3
1.6000E+03 4962.02
1.8000E+03 4540.11
2.0000E+03 4175.08
2.2000E+03 3856.53
2.5000E+03 3447.75
2.8000E+03 3105.2
3.2000E+03 2725.3
3.5000E+03 2485.03
4.0000E+03 2145.3
4.5000E+03 1867.14
5.0000E+03 1638.26
5.5000E+03 1448.48
6.3000E+03 1205.82
7.1000E+03 1019.91
8.0000E+03 858.197
9.0000E+03 720.515
1.0000E+04 614.352
1.1000E+04 530.783
1.2000E+04 463.782
1.4000E+04 363.004
1.6000E+04 292.996
1.8000E+04 242.271
2.0000E+04 204.259
3.0000E+04 93.6859
4.0000E+04 52.1554
5.0000E+04 31.761
6.0000E+04 20.1208
7.0000E+04 12.803
8.0000E+04 7.87852
9.0000E+04 4.39408
1.0000E+05 1.83066
