1.0000E+00 0.0781596
1.1000E+00 0.0781596
1.2000E+00 0.0781596
1.4000E+00 0.0781596
1.6000E+00 0.0781596
1.8000E+00 0.0781596
2.0000E+00 0.0781596
2.2000E+00 0.0781596
2.5000E+00 0.0781596
2.8000E+00 0.0781596
3.2000E+00 0.0781596
3.5000E+00 0.0781596
4.0000E+00 0.0781596
4.5000E+00 0.0781596
5.0000E+00 0.0781596
5.5000E+00 0.0781596
6.3000E+00 0.0781596
7.1000E+00 0.0781596
8.0000E+00 0.0781596
9.0000E+00 0.0781596
1.0000E+01 0.0781596
1.1000E+01 0.0781596
1.2000E+01 0.0781596
1.4000E+01 0.0781596
1.6000E+01 0.0781584
1.8000E+01 0.0781584
2.0000E+01 0.0781584
2.2000E+01 0.0781571
2.5000E+01 0.0781571
2.8000E+01 0.0781559
3.2000E+01 0.0781546
3.5000E+01 0.0781533
4.0000E+01 0.0781521
4.5000E+01 0.0781496
5.0000E+01 0.0781458
5.5000E+01 0.0781408
6.3000E+01 0.0781282
7.1000E+01 0.0781106
8.0000E+01 0.0780843
9.0000E+01 0.0780478
1.0000E+02 0.0780001
1.1000E+02 0.0779398
1.2000E+02 0.0778695
1.4000E+02 0.0776962
1.6000E+02 0.0774839
1.8000E+02 0.0772377
2.0000E+02 0.0769614
2.2000E+02 0.0766587
2.5000E+02 0.0761638
2.8000E+02 0.0756275
3.2000E+02 0.0748614
3.5000E+02 0.0742547
4.0000E+02 0.0732034
4.5000E+02 0.0721145
5.0000E+02 0.0709979
5.5000E+02 0.06987
6.3000E+02 0.0680538
7.1000E+02 0.0662427
8.0000E+02 0.0642243
9.0000E+02 0.0620163
1.0000E+03 0.0598522
1.1000E+03 0.0577433
1.2000E+03 0.0556998
1.4000E+03 0.0518276
1.6000E+03 0.0482568
1.8000E+03 0.0449962
2.0000E+03 0.0420358
2.2000E+03 0.039348
2.5000E+03 0.0357696
2.8000E+03 0.0326598
3.2000E+03 0.0290952
3.5000E+03 0.0267767
4.0000E+03 0.0234005
4.5000E+03 0.0205419
5.0000E+03 0.0181354
5.5000E+03 0.0161069
6.3000E+03 0.0134781
7.1000E+03 0.011439
8.0000E+03 0.00965035
9.0000E+03 0.00811677
1.0000E+04 0.00692898
1.1000E+04 0.00599087
1.2000E+04 0.00523752
1.4000E+04 0.00410197
1.6000E+04 0.00331195
1.8000E+04 0.00273896
2.0000E+04 0.00230928
3.0000E+04 0.00105942
4.0000E+04 0.000589792
5.0000E+04 0.000359166
6.0000E+04 0.000227537
7.0000E+04 0.000144779
8.0000E+04 8.90931e-05
9.0000E+04 4.96886e-05
1.0000E+05 2.07014e-05
