4 0
4.4 0
4.8 0
5.6 0
6.4 0
7.2 0
8 0
8.8 0
10 0
11.2 0
12.8 0
14 0
16 0
18 0
20 0
22 0
25.2 0
28.4 0
32 0
36 0
40 0
44 0
48 0
56 0
64 0
72 0
80 0
88 0
100 0
112 0
128 0
140 0
160 0.000198983
180 0.0113112
200 0.0379095
220 0.0711807
252 0.124317
284 0.177105
320 0.239654
360 0.30596
400 0.374285
440 0.454532
480 0.545592
560 0.729766
640 0.900324
720 1.04576
800 1.17476
880 1.29398
1000 1.45304
1120 1.58441
1280 1.71361
1400 1.79613
1600 1.88961
1800 1.96246
2000 1.99992
2200 2.03065
2520 2.04922
2840 2.04444
3200 2.03336
3600 2.00101
4000 1.95161
4400 1.89254
4800 1.8287
5600 1.68604
6400 1.53588
7200 1.39191
8000 1.25945
8800 1.13948
10000 0.984674
11200 0.857774
12800 0.724391
14000 0.647749
16000 0.549382
18000 0.460807
20000 0.386945
22000 0.326079
25200 0.25024
28400 0.195953
32000 0.151569
36000 0.116239
40000 0.0910269
44000 0.0725542
48000 0.0587903
56000 0.0401385
64000 0.0286666
72000 0.021225
80000 0.0161796
120000 0.00558361
160000 0.00259252
200000 0.00142253
240000 0.000868902
280000 0.000571845
320000 0.000397618
360000 0.000288382
400000 0.000216257
