1.0000E-01 131474880
1.5000E-01 102911040
2.0000E-01 77601024
3.0000E-01 45436032
4.0000E-01 27869184
5.0000E-01 17540928
6.0000E-01 1.18843e+07
7.0000E-01 8.22908e+06
1.0000E+00 4.41098e+06
1.5000E+00 1857168
2.0000E+00 1.1143e+06
3.0000E+00 499530
4.0000E+00 286857
5.0000E+00 172757
6.0000E+00 114912
7.0000E+00 77534.5
1.0000E+01 42160.6
1.5000E+01 18519
2.0000E+01 12522
3.0000E+01 8523.96
4.0000E+01 7034.52
5.0000E+01 6868.02
6.0000E+01 6936.28
7.0000E+01 6379.08
1.0000E+02 4852.14
1.5000E+02 2841
2.0000E+02 1543.54
3.0000E+02 510.443
4.0000E+02 0
