  1.0000E+00   4.4528E+02   6.5051E+01   2.8208E-01   8.7283E-07   6.6793E-07   2.3692E-09
  1.1000E+00   4.4528E+02   6.5051E+01   2.8208E-01   1.0603E-06   8.0368E-07   2.8674E-09
  1.2000E+00   4.4528E+02   6.5051E+01   2.8208E-01   1.2653E-06   9.5008E-07   3.4073E-09
  1.4000E+00   4.4528E+02   6.5051E+01   2.8208E-01   1.7264E-06   1.2731E-06   4.6061E-09
  1.6000E+00   4.4528E+02   6.5051E+01   2.8208E-01   2.2541E-06   1.6338E-06   5.9542E-09
  1.8000E+00   4.4528E+02   6.5051E+01   2.8208E-01   2.8463E-06   2.0292E-06   7.4409E-09
  2.0000E+00   4.4528E+02   6.5051E+01   2.8208E-01   3.5008E-06   2.4568E-06   9.0564E-09
  2.2000E+00   4.4528E+02   6.5051E+01   2.8208E-01   4.2157E-06   2.9142E-06   1.0792E-08
  2.5000E+00   4.4528E+02   6.5051E+01   2.8208E-01   5.3972E-06   3.6515E-06   1.3602E-08
  2.8000E+00   4.4528E+02   6.5051E+01   2.8208E-01   6.7041E-06   4.4446E-06   1.6639E-08
  3.2000E+00   4.4528E+02   6.5051E+01   2.8208E-01   8.6321E-06   5.5793E-06   2.1004E-08
  3.5000E+00   4.4528E+02   6.5051E+01   2.8208E-01   1.0210E-05   6.4819E-06   2.4489E-08
  4.0000E+00   4.4528E+02   6.5051E+01   2.8208E-01   1.3078E-05   8.0723E-06   3.0651E-08
  4.5000E+00   4.4528E+02   6.5051E+01   2.8208E-01   1.6224E-05   9.7559E-06   3.7199E-08
  5.0000E+00   4.4528E+02   6.5051E+01   2.8208E-01   1.9629E-05   1.1519E-05   4.4078E-08
  5.5000E+00   4.4528E+02   6.5051E+01   2.8208E-01   2.3277E-05   1.3349E-05   5.1239E-08
  6.3000E+00   4.4528E+02   6.5051E+01   2.8208E-01   2.9579E-05   1.6394E-05   6.3186E-08
  7.1000E+00   4.4528E+02   6.5051E+01   2.8208E-01   3.6405E-05   1.9554E-05   7.5617E-08
  8.0000E+00   4.4528E+02   6.5051E+01   2.8208E-01   4.4648E-05   2.3211E-05   9.0045E-08
  9.0000E+00   4.4528E+02   6.5051E+01   2.8208E-01   5.4433E-05   2.7368E-05   1.0648E-07
  1.0000E+01   4.4528E+02   6.5051E+01   2.8208E-01   6.4808E-05   3.1592E-05   1.2322E-07
  1.1000E+01   4.4528E+02   6.5051E+01   2.8208E-01   7.5707E-05   3.5857E-05   1.4014E-07
  1.2000E+01   4.4528E+02   6.5051E+01   2.8208E-01   8.7072E-05   4.0143E-05   1.5718E-07
  1.4000E+01   4.4528E+02   6.5051E+01   2.8208E-01   1.1101E-04   4.8716E-05   1.9130E-07
  1.6000E+01   4.4528E+02   6.5051E+01   2.8208E-01   1.3628E-04   5.7213E-05   2.2518E-07
  1.8000E+01   4.4528E+02   6.5051E+01   2.8208E-01   1.6261E-04   6.5570E-05   2.5855E-07
  2.0000E+01   4.4528E+02   6.5051E+01   2.8208E-01   1.8978E-04   7.3745E-05   2.9121E-07
  2.2000E+01   4.4528E+02   6.5051E+01   2.8208E-01   2.1761E-04   8.1709E-05   3.2305E-07
  2.5000E+01   4.4528E+02   6.5050E+01   2.8208E-01   2.6025E-04   9.3222E-05   3.6911E-07
  2.8000E+01   4.4528E+02   6.5050E+01   2.8207E-01   3.0359E-04   1.0419E-04   4.1298E-07
  3.2000E+01   4.4528E+02   6.5050E+01   2.8207E-01   3.6192E-04   1.1793E-04   5.1473E-07
  3.5000E+01   4.4528E+02   6.5049E+01   2.8207E-01   4.0574E-04   1.2760E-04   8.6787E-07
  4.0000E+01   4.4527E+02   6.5048E+01   2.8206E-01   4.7833E-04   1.4250E-04   2.3640E-06
  4.5000E+01   4.4527E+02   6.5048E+01   2.8205E-01   5.4979E-04   2.2402E-04   3.9032E-06
  5.0000E+01   4.4527E+02   6.5046E+01   2.8202E-01   6.1963E-04   5.2635E-04   5.1015E-06
  5.5000E+01   4.4527E+02   6.5042E+01   2.8200E-01   6.8750E-04   9.1434E-04   6.2441E-06
  6.3000E+01   4.4526E+02   6.5033E+01   2.8194E-01   7.9145E-04   1.3912E-03   9.0152E-06
  7.1000E+01   4.4525E+02   6.5020E+01   2.8185E-01   8.8921E-04   1.7648E-03   1.2131E-05
  8.0000E+01   4.4525E+02   6.5002E+01   2.8172E-01   9.9147E-04   2.3835E-03   1.6052E-05
  9.0000E+01   4.4523E+02   6.4974E+01   2.8154E-01   1.0955E-03   3.1803E-03   2.0440E-05
  1.0000E+02   4.4522E+02   6.4938E+01   2.8132E-01   1.1896E-03   4.0656E-03   2.4150E-05
  1.1000E+02   4.4521E+02   6.4893E+01   2.8105E-01   1.2744E-03   4.8957E-03   2.8567E-05
  1.2000E+02   4.4520E+02   6.4839E+01   2.8075E-01   1.3503E-03   5.7539E-03   3.2650E-05
  1.4000E+02   4.4517E+02   6.4709E+01   2.8002E-01   1.4778E-03   7.2420E-03   4.0610E-05
  1.6000E+02   4.4514E+02   6.4550E+01   2.7914E-01   1.7705E-03   8.7255E-03   4.7227E-05
  1.8000E+02   4.4508E+02   6.4361E+01   2.7813E-01   4.0237E-03   1.0149E-02   5.3383E-05
  2.0000E+02   4.4496E+02   6.4147E+01   2.7701E-01   7.9547E-03   1.1265E-02   5.9102E-05
  2.2000E+02   4.4477E+02   6.3911E+01   2.7577E-01   1.1203E-02   1.2322E-02   6.4330E-05
  2.5000E+02   4.4438E+02   6.3520E+01   2.7375E-01   1.4499E-02   1.3738E-02   7.0632E-05
  2.8000E+02   4.4389E+02   6.3089E+01   2.7155E-01   1.8218E-02   1.5017E-02   7.5659E-05
  3.2000E+02   4.4304E+02   6.2463E+01   2.6843E-01   2.4542E-02   1.6269E-02   8.0717E-05
  3.5000E+02   4.4222E+02   6.1964E+01   2.6596E-01   2.9650E-02   1.7002E-02   8.3606E-05
  4.0000E+02   4.4055E+02   6.1093E+01   2.6168E-01   3.7109E-02   1.7854E-02   8.7779E-05
  4.5000E+02   4.3856E+02   6.0186E+01   2.5722E-01   4.2706E-02   1.8430E-02   9.0306E-05
  5.0000E+02   4.3627E+02   5.9252E+01   2.5268E-01   4.8931E-02   1.8896E-02   9.1619E-05
  5.5000E+02   4.3369E+02   5.8301E+01   2.4806E-01   5.4177E-02   1.9141E-02   9.2859E-05
  6.3000E+02   4.2910E+02   5.6768E+01   2.4061E-01   6.0594E-02   1.9196E-02   9.3507E-05
  7.1000E+02   4.2406E+02   5.5231E+01   2.3314E-01   6.5471E-02   1.9216E-02   9.3319E-05
  8.0000E+02   4.1797E+02   5.3511E+01   2.2479E-01   6.9727E-02   1.9019E-02   9.2240E-05
  9.0000E+02   4.1082E+02   5.1624E+01   2.1568E-01   7.3350E-02   1.8712E-02   8.9865E-05
  1.0000E+03   4.0339E+02   4.9775E+01   2.0685E-01   7.5160E-02   1.8276E-02   8.6835E-05
  1.1000E+03   3.9585E+02   4.7975E+01   1.9833E-01   7.5812E-02   1.7714E-02   8.3524E-05
  1.2000E+03   3.8827E+02   4.6235E+01   1.9017E-01   7.5755E-02   1.7099E-02   7.9695E-05
  1.4000E+03   3.7323E+02   4.2947E+01   1.7502E-01   7.4587E-02   1.5776E-02   7.1793E-05
  1.6000E+03   3.5854E+02   3.9932E+01   1.6141E-01   7.2294E-02   1.4373E-02   6.4291E-05
  1.8000E+03   3.4437E+02   3.7193E+01   1.4924E-01   6.9435E-02   1.3016E-02   5.7394E-05
  2.0000E+03   3.3075E+02   3.4713E+01   1.3837E-01   6.6735E-02   1.1784E-02   5.1343E-05
  2.2000E+03   3.1768E+02   3.2469E+01   1.2863E-01   6.4016E-02   1.0657E-02   4.6081E-05
  2.5000E+03   2.9906E+02   2.9488E+01   1.1578E-01   6.0122E-02   9.2180E-03   3.9571E-05
  2.8000E+03   2.8163E+02   2.6901E+01   1.0467E-01   5.6050E-02   8.0310E-03   3.4460E-05
  3.2000E+03   2.6026E+02   2.3936E+01   9.1877E-02   5.0840E-02   6.7946E-03   2.9523E-05
  3.5000E+03   2.4557E+02   2.2002E+01   8.3523E-02   4.7075E-02   6.0956E-03   2.6169E-05
  4.0000E+03   2.2351E+02   1.9187E+01   7.1663E-02   4.1154E-02   5.1639E-03   2.1270E-05
  4.5000E+03   2.0423E+02   1.6815E+01   6.2003E-02   3.5965E-02   4.3247E-03   1.7371E-05
  5.0000E+03   1.8737E+02   1.4827E+01   5.4101E-02   3.1484E-02   3.6296E-03   1.4234E-05
  5.5000E+03   1.7257E+02   1.3155E+01   4.7596E-02   2.7704E-02   3.0547E-03   1.1788E-05
  6.3000E+03   1.5234E+02   1.0996E+01   3.9322E-02   2.2873E-02   2.3436E-03   8.8981E-06
  7.1000E+03   1.3549E+02   9.3249E+00   3.3026E-02   1.9256E-02   1.8346E-03   6.8416E-06
  8.0000E+03   1.1945E+02   7.8613E+00   2.7602E-02   1.6382E-02   1.4178E-03   5.2108E-06
  9.0000E+03   1.0435E+02   6.6088E+00   2.3024E-02   1.3815E-02   1.0872E-03   3.9455E-06
  1.0000E+04   9.1666E+01   5.6397E+00   1.9522E-02   1.1561E-02   8.5099E-04   3.0587E-06
  1.1000E+04   8.1028E+01   4.8750E+00   1.6784E-02   9.7145E-03   6.7825E-04   2.4180E-06
  1.2000E+04   7.2079E+01   4.2612E+00   1.4603E-02   8.1839E-03   5.4951E-04   1.9436E-06
  1.4000E+04   5.7971E+01   3.3366E+00   1.1346E-02   5.9240E-03   3.7506E-04   1.3129E-06
  1.6000E+04   4.7633E+01   2.6937E+00   9.1036E-03   4.4145E-03   2.6785E-04   9.2987E-07
  1.8000E+04   3.9859E+01   2.2275E+00   7.4902E-03   3.3591E-03   1.9831E-04   6.8353E-07
  2.0000E+04   3.3886E+01   1.8781E+00   6.2890E-03   2.6139E-03   1.5116E-04   5.1768E-07
  3.0000E+04   1.6073E+01   8.6148E-01   2.8272E-03   9.4878E-04   5.2160E-05   1.7469E-07
  4.0000E+04   9.0779E+00   4.7959E-01   1.5542E-03   4.5024E-04   2.4218E-05   7.9894E-08
  5.0000E+04   5.5755E+00   2.9205E-01   9.3809E-04   2.5023E-04   1.3289E-05   4.3335E-08
  6.0000E+04   3.5533E+00   1.8502E-01   5.9031E-04   1.5420E-04   8.1170E-06   2.6221E-08
  7.0000E+04   2.2713E+00   1.1773E-01   3.7361E-04   1.0221E-04   5.3420E-06   1.7120E-08
  8.0000E+04   1.4028E+00   7.2447E-02   2.2889E-04   7.1484E-05   3.7144E-06   1.1823E-08
  9.0000E+04   7.8487E-01   4.0405E-02   1.2716E-04   5.2105E-05   2.6940E-06   8.5236E-09
  1.0000E+05   3.2813E-01   1.6834E-02   5.2748E-05   3.9243E-05   2.0202E-06   6.3578E-09
