1.0000E+00 187.658
1.1000E+00 187.658
1.2000E+00 187.658
1.4000E+00 187.658
1.6000E+00 187.658
1.8000E+00 187.658
2.0000E+00 187.658
2.2000E+00 187.658
2.5000E+00 187.658
2.8000E+00 187.658
3.2000E+00 187.658
3.5000E+00 187.658
4.0000E+00 187.658
4.5000E+00 187.658
5.0000E+00 187.658
5.5000E+00 187.658
6.3000E+00 187.658
7.1000E+00 187.658
8.0000E+00 187.658
9.0000E+00 187.658
1.0000E+01 187.658
1.1000E+01 187.658
1.2000E+01 187.658
1.4000E+01 187.658
1.6000E+01 187.658
1.8000E+01 187.658
2.0000E+01 187.658
2.2000E+01 187.658
2.5000E+01 187.658
2.8000E+01 187.658
3.2000E+01 187.658
3.5000E+01 187.658
4.0000E+01 187.658
4.5000E+01 187.658
5.0000E+01 187.647
5.5000E+01 187.647
6.3000E+01 187.626
7.1000E+01 187.604
8.0000E+01 187.55
9.0000E+01 187.495
1.0000E+02 187.409
1.1000E+02 187.311
1.2000E+02 187.191
1.4000E+02 186.887
1.6000E+02 186.497
1.8000E+02 186.03
2.0000E+02 185.487
2.2000E+02 184.89
2.5000E+02 183.88
2.8000E+02 182.773
3.2000E+02 181.144
3.5000E+02 179.841
4.0000E+02 177.561
4.5000E+02 175.162
5.0000E+02 172.675
5.5000E+02 170.145
6.3000E+02 166.031
7.1000E+02 161.872
8.0000E+02 157.193
9.0000E+02 152.014
1.0000E+03 146.922
1.1000E+03 141.949
1.2000E+03 137.107
1.4000E+03 127.921
1.6000E+03 119.431
1.8000E+03 111.679
2.0000E+03 104.611
2.2000E+03 98.1841
2.5000E+03 89.5981
2.8000E+03 82.1022
3.2000E+03 73.4608
3.5000E+03 67.8041
4.0000E+03 59.5265
4.5000E+03 52.4898
5.0000E+03 46.5454
5.5000E+03 41.5152
6.3000E+03 34.9661
7.1000E+03 29.8544
8.0000E+03 25.3432
9.0000E+03 21.4509
1.0000E+04 18.4162
1.1000E+04 16.0059
1.2000E+04 14.0592
1.4000E+04 11.1049
1.6000E+04 9.03016
1.8000E+04 7.51296
2.0000E+04 6.36696
3.0000E+04 2.99598
4.0000E+04 1.69548
5.0000E+04 1.04466
6.0000E+04 0.667781
7.0000E+04 0.427964
8.0000E+04 0.26493
9.0000E+04 0.148539
1.0000E+05 0.0622473
