  1.0000E-01   3.4789E+02   1.5217E+03
  1.5000E-01   2.8007E+02   1.1911E+03
  2.0000E-01   2.2878E+02   8.9816E+02
  3.0000E-01   1.6450E+02   5.2588E+02
  4.0000E-01   1.2360E+02   3.2256E+02
  5.0000E-01   9.9984E+01   2.0302E+02
  6.0000E-01   8.2997E+01   1.3755E+02
  7.0000E-01   7.2475E+01   9.5244E+01
  1.0000E+00   5.2878E+01   5.1053E+01
  1.5000E+00   3.9243E+01   2.1495E+01
  2.0000E+00   3.1383E+01   1.2897E+01
  3.0000E+00   2.4132E+01   5.7816E+00
  4.0000E+00   1.9820E+01   3.3201E+00
  5.0000E+00   1.7492E+01   1.9995E+00
  6.0000E+00   1.5821E+01   1.3300E+00
  7.0000E+00   1.4832E+01   8.9739E-01
  1.0000E+01   1.2969E+01   4.8797E-01
  1.5000E+01   1.1637E+01   2.1434E-01
  2.0000E+01   1.0825E+01   1.4493E-01
  3.0000E+01   9.7243E+00   9.8657E-02
  4.0000E+01   8.8522E+00   8.1418E-02
  5.0000E+01   8.0960E+00   7.9491E-02
  6.0000E+01   7.2624E+00   8.0281E-02
  7.0000E+01   6.4903E+00   7.3832E-02
  1.0000E+02   4.5787E+00   5.6159E-02
  1.5000E+02   2.4008E+00   3.2882E-02
  2.0000E+02   1.2906E+00   1.7865E-02
  3.0000E+02   3.7196E-01   5.9079E-03
  4.0000E+02   1.0898E-01   0.0000E+00
