  1.0000E-01   1.8777E+02   9.0737E+02
  1.5000E-01   1.4791E+02   6.8695E+02
  2.0000E-01   1.1907E+02   4.9380E+02
  3.0000E-01   8.6279E+01   2.6809E+02
  4.0000E-01   6.5454E+01   1.5837E+02
  5.0000E-01   5.4604E+01   9.4110E+01
  6.0000E-01   4.6632E+01   6.9195E+01
  7.0000E-01   4.0765E+01   5.2867E+01
  1.0000E+00   3.0131E+01   2.7693E+01
  1.5000E+00   2.2745E+01   1.1775E+01
  2.0000E+00   1.8356E+01   7.2797E+00
  3.0000E+00   1.4073E+01   3.4355E+00
  4.0000E+00   1.1485E+01   1.9847E+00
  5.0000E+00   1.0104E+01   1.1884E+00
  6.0000E+00   9.1080E+00   8.0305E-01
  7.0000E+00   8.4978E+00   5.5215E-01
  1.0000E+01   7.3636E+00   2.9328E-01
  1.5000E+01   6.6037E+00   1.2165E-01
  2.0000E+01   6.1472E+00   8.0861E-02
  3.0000E+01   5.5475E+00   5.7021E-02
  4.0000E+01   5.0067E+00   5.0283E-02
  5.0000E+01   4.5418E+00   4.6421E-02
  6.0000E+01   4.0783E+00   4.5292E-02
  7.0000E+01   3.6360E+00   4.2279E-02
  1.0000E+02   2.5434E+00   3.2266E-02
  1.5000E+02   1.2762E+00   1.8810E-02
  2.0000E+02   6.6242E-01   9.8196E-03
  3.0000E+02   1.7179E-01   3.0910E-03
  4.0000E+02   4.4212E-02   0.0000E+00
