  1.0000E-01   3.0487E+02   1.0740E+03
  1.5000E-01   2.5621E+02   8.7245E+02
  2.0000E-01   2.1763E+02   6.7717E+02
  3.0000E-01   1.6881E+02   4.1491E+02
  4.0000E-01   1.3464E+02   2.7908E+02
  5.0000E-01   1.1299E+02   1.9037E+02
  6.0000E-01   9.6569E+01   1.4073E+02
  7.0000E-01   8.4849E+01   1.0624E+02
  1.0000E+00   6.2849E+01   5.8009E+01
  1.5000E+00   4.6614E+01   2.6257E+01
  2.0000E+00   3.6591E+01   1.6622E+01
  3.0000E+00   2.6818E+01   7.8603E+00
  4.0000E+00   2.0871E+01   4.5865E+00
  5.0000E+00   1.7645E+01   2.7545E+00
  6.0000E+00   1.5362E+01   1.8204E+00
  7.0000E+00   1.4004E+01   1.2165E+00
  1.0000E+01   1.1625E+01   6.0681E-01
  1.5000E+01   1.0142E+01   2.2925E-01
  2.0000E+01   9.3329E+00   1.4525E-01
  3.0000E+01   8.2112E+00   9.8328E-02
  4.0000E+01   7.3664E+00   7.7743E-02
  5.0000E+01   6.6563E+00   7.1619E-02
  6.0000E+01   5.9340E+00   6.9898E-02
  7.0000E+01   5.2584E+00   6.4337E-02
  1.0000E+02   3.6185E+00   4.8032E-02
  1.5000E+02   1.7693E+00   2.7202E-02
  2.0000E+02   8.9837E-01   1.3860E-02
  3.0000E+02   2.2416E-01   4.2086E-03
  4.0000E+02   5.6643E-02   0.0000E+00
